5568
9882
3821
7896
8417
5969
1373
8001
7389
8715
9123
3162
1224
693
6282
1312
4324
7280
1252
1307
7426
6540
2800
8489
7235
8533
9613
9679
1009
7804
3300
6049
3061
6401
6558
2546
2727
1913
3575
3714
4283
6965
7200
7521
1354
8196
8622
9510
3602
4854
958
1450
4113
1416
4638
5519
1172
5148
4627
9071
9351
4348
4963
8700
309
1386
1482
4227
294
1476
1471
990
1752
1764
3877
1628
2260
662
5265
79
5436
5644
2260
5749
5881
2307
2542
5539
833
6752
6867
4674
2140
620
1304
1248
1561
2496
2876
3527
3632
3375
6918
7156
7700
7856
2524
4211
6297
7996
3981
6252
8205
8552
1962
1341
1298
2823
3297
4042
4122
5132
5352
960
6554
7286
1438
3159
7376
7555
1396
3664
6493
6854
5632
7327
938
5565
7628
1181
4805
6178
1816
7164
2388
7714
1178
4356
8000
718
235
6697
2436
6710
8256
8363
8679
8736
8877
1959
2697
2830
3597
1421
4237
2410
2870
4578
4346
5623
6538
5504
7394
354
6424
6437
4655
2994
4096
451
2313
4808
4385
2066
4798
5149
5800
4488
888
6216
6284
6864
1111
5249
6492
1107
7158
7493
894
7662
3287
6344
8723
8907
8915
2489
1682
3568
3412
3227
4568
5559
496
5582
5924
7597
8558
8937
8967
9011
7058
1
712
6767
9060
6831
9153
9368
260
837
4933
5574
5729
4326
9397
9406
1618
1668
4806
9431
6544
5894
6932
9540
9593
9657
5800
6637
5533
685
9678
9694
9745
9788
9874
9885
8067
608
2725
4191
7401
8227
1091
1959
5324
3644
4655
4975
5365
2804
5506
74
111
2453
3181
3648
610
2106
2203
2591
186
2939
3868
1353
2707
2254
3920
4050
4123
4671
4711
4757
5218
5417
176
2405
2598
5595
5943
2136
519
699
3973
5320
5370
5916
5987
6128
6215
6313
6469
6677
6714
7055
7269
2055
4941
582
1779
6434
5792
6966
6985
107
3984
2658
544
2233
3256
3691
3857
3959
4585
4735
4853
5574
5765
814
3426
6102
570
2633
3230
6151
6422
6814
7096
610
1039
1180
1271
2267
2420
3531
992
1160
1093
2314
1766
4709
5221
1739
7127
1315
2243
6903
6625
7158
4373
4540
7187
7390
4508
7391
7487
7576
7597
8041
8046
8087
8103
7757
2475
2494
8310
8358
8381
8602
8649
8683
8750
6999
8797
8862
8874
8883
4612
8911
8958
8980
2041
5582
5679
2849
8997
9211
9247
9279
214
3877
205
5481
5815
3683
1041
3061
4520
5114
6766
7723
8125
295
6540
8146
2943
8151
474
1912
2377
2647
8588
8868
5546
2660
5620
7183
7508
4645
8529
9130
1593
946
1299
8467
9368
3758
3925
8774
257
1638
6633
8043
5755
6538
7353
2145
3226
4815
6306
2733
3237
2708
5322
7439
8153
8195
3588
2167
3841
5852
784
5363
5659
3912
4271
6881
7296
8460
652
6470
6845
3805
4577
4344
637
3397
4860
5084
7375
5242
1568
5818
1098
2022
4158
4646
5932
1787
403
3723
838
5165
552
5225
1974
5637
6250
4618
4613
5764
6446
5656
6745
7628
7707
1599
1875
1736
3404
3854
2249
2620
4183
4352
4739
4969
845
5581
6153
6246
6632
6734
7942
8119
3749
6923
8188
8579
1858
8611
5738
4841
7138
8329
8625
8630
8868
1530
1669
2036
4092
4254
2906
8890
5242
2958
6434
6924
7624
8904
8326
8984
2901
5259
9033
4406
4906
2476
3107
5597
7091
5813
8009
8802
9027
9097
4002
4945
9103
4971
9145
284
2470
68
2672
6247
6257
6406
6896
9106
9152
9162
4046
9244
3731
4264
9286
9352
9382
1664
7308
8839
3577
3782
9211
424
9390
829
1812
1859
62
2212
284
1484
3213
3246
3581
4948
4960
5051
5754
5842
6212
6309
6765
1384
4829
4863
6387
6653
5439
2143
3707
3986
4401
7244
7379
7525
7604
2645
3157
225
4256
509
844
2534
2800
5227
614
5327
2725
5677
6025
7636
7768
7986
3643
1801
2226
1446
4523
6107
6257
7647
7737
8118
8344
4766
8565
8634
9054
9088
3505
4983
1888
3354
2616
3828
5092
5257
6073
1424
7165
3192
4718
1583
5695
6079
2722
6910
1043
1276
5954
6208
7514
6571
7660
8198
410
9194
1178
3378
3995
6020
6567
8549
9243
598
4027
6093
9398
9403
9423
9437
2847
246
2948
402
1444
4905
5073
2476
4727
6078
6551
6551
6731
6739
3
979
1098
1212
2412
3616
2865
869
1662
1893
2046
3476
4042
4690
4810
5293
5557
6518
5519
7245
7391
7573
7670
8144
836
4119
981
6755
2731
7318
8411
6486
2782
8488
951
2057
8735
8862
9053
9101
9114
9296
1944
8110
4579
9305
3553
9442
9443
9503
9543
9548
9551
9602
9613
1173
1573
9626
2692
3160
3701
3982
5296
1064
2746
2174
3559
168
856
955
3788
942
3852
5406
6186
6065
6497
6860
6941
2137
5447
7099
814
7393
5475
184
4563
294
7532
7936
7947
4988
7986
4296
5171
8074
2206
4222
227
2601
3073
855
1796
360
2439
4143
2830
5285
5831
6057
869
4807
1069
4
388
1425
1463
1812
3196
517
628
1047
3800
1099
3865
834
3890
4270
370
4781
5024
5347
482
6093
6459
6503
6526
6648
6678
1564
6952
6974
4349
6593
7097
3709
5789
7243
5782
7247
6409
335
2922
6587
7363
7902
8260
2379
6150
2985
8373
8386
8432
8435
2914
8509
8619
8626
8863
8884
9077
3378
9158
2080
9159
9192
9287
2880
2943
9322
3870
9466
9498
9503
9561
9655
2443
707
4999
1194
2943
4552
6283
7504
1222
8576
6378
1164
8701
9670
4638
5873
6476
6812
4223
4054
9691
675
9732
9732
9733
4746
5046
5822
9059
4307
9520
1418
7355
9571
2078
9734
2874
4121
9739
9740
2465
7586
9820
8523
9834
9900
9921
2236
3746
9926
2175
2914
3750
5671
5687
7399
8424
586
5632
6120
7635
8497
5955
2468
4070
6543
867
6580
8447
892
1553
1617
229
3521
2240
2332
2566
133
1018
3268
3433
3874
3929
1380
4094
4625
5775
5859
6061
6192
4873
339
2986
6003
7552
1377
2248
582
1740
641
3236
3961
3748
4962
152
2737
5411
570
2236
5451
5596
5713
7793
169
3737
2968
5624
8103
7871
8148
8160
6798
8421
8586
5015
547
590
984
944
5237
6400
6838
5112
214
5194
5307
5341
6087
6154
778
3939
5246
6287
837
7110
7311
7616
730
4502
2907
5132
2294
98
237
2710
1183
283
1246
3516
3719
3949
5046
5221
700
2643
3522
5154
5252
5308
5471
5474
1068
5955
3247
6712
6862
6869
7218
57
2684
7803
5603
7901
7961
8125
2352
4408
4735
8125
3862
3514
3521
838
4362
4754
5256
5915
6491
7061
1367
2394
4258
7798
1698
2479
4439
8207
8365
633
8365
2304
8123
1106
8417
4412
3679
6527
3477
5997
6524
352
8584
3785
5017
390
2843
2882
5049
5634
6910
7551
8694
8708
8765
8770
8798
8799
3584
8830
8919
8957
1569
9026
2670
9045
9089
4884
7255
7381
1002
2514
9174
9195
9277
5394
3024
9288
2967
3257
3359
9198
7350
9337
9343
3689
577
3073
4519
929
625
2948
3668
4386
5368
6241
6742
6984
7600
7674
7701
4417
7746
1143
1136
964
1571
3168
4194
6378
7253
8359
8368
1362
2636
8545
5837
8549
8608
8620
1733
9095
9360
3938
8087
9396
143
9484
9487
9504
3222
2476
3394
4310
463
4783
5580
5838
5934
7447
8090
8600
8821
8935
7389
4367
7900
9018
9065
2290
2641
8395
9115
2903
7494
9525
6830
3290
4131
5216
35
7815
4182
9535
6707
7224
1735
1185
5620
9550
5246
9619
9635
9654
3788
9673
9704
4541
3124
6903
8584
8636
471
2845
5331
996
5082
7215
7539
2532
6073
7554
3819
5405
8038
1552
7370
9069
3450
5372
9211
6029
6266
9692
298
2033
624
2587
3035
3266
5304
6325
104
764
3815
4607
6183
2870
4945
1117
3247
7504
7911
8008
8269
8458
9657
9688
4298
5687
6703
6942
7769
9705
4137
7490
3174
892
3002
1916
3299
62
5091
177
2340
3046
6006
6819
7281
1465
1629
2408
3935
4772
6475
7590
61
2115
6014
464
2191
2517
3046
4382
4483
5511
6570
6676
7206
7456
4946
3567
364
5459
2738
138
725
1049
4474
4068
4219
3039
1881
808
5489
2653
5490
6364
6371
2300
7290
7476
4005
4383
7737
7984
3065
731
2031
4121
6085
3998
131
1727
2044
1255
1429
2611
4404
4855
5990
6047
6311
4788
4840
6768
7227
2187
4458
7620
7779
2699
2972
7828
7880
7985
7992
8057
5073
5238
3039
6977
2127
2187
7578
8140
8151
8292
3886
8392
8469
8472
8491
5132
8511
8732
8779
9120
7001
3309
1026
6020
6597
7767
9159
9307
9341
3212
9139
3126
2342
9415
9463
9495
9580
9729
9768
1272
4560
5177
9804
9823
9877
9881
9885
2752
8608
9217
9901
9926
9926
8665
9928
566
2779
2840
3590
3774
9929
9934
9937
2644
9943
9948
796
5145
4023
3517
6247
3369
8449
2480
1041
2836
4239
5435
513
8428
2419
654
3021
829
4859
8602
9214
5441
447
28
2444
4201
5596
1859
961
2231
2450
2640
2591
2808
2759
2531
3767
2372
4446
6316
4877
5045
2471
5593
6126
2583
3867
6462
6563
3627
329
2718
4058
6618
6622
3579
4355
6800
6878
4659
7295
515
882
3257
3613
2475
2278
6506
2650
3856
7555
7764
9
104
333
792
484
379
1843
3939
4645
4268
1283
4368
3321
666
4648
1405
5429
684
2683
4973
5847
5968
6157
6489
6700
6811
6830
7610
7835
798
6467
7850
2723
3307
4193
7368
7891
8083
2125
5808
4594
8083
8218
8244
3827
8329
8575
46
3334
4776
5560
8584
8812
2110
262
2515
646
2946
2154
5795
340
636
27
266
1556
1383
2063
2547
181
3099
3820
4161
902
4814
5184
6099
3418
1079
3076
3524
3612
2866
5081
5931
6341
7403
1512
3122
2493
4684
3199
2754
5598
6919
1332
2650
2837
2901
4363
17
60
1626
3380
1222
1923
2107
3601
3588
4247
4468
4588
3832
4634
678
1186
4661
4921
4971
3965
5009
3487
960
1981
4076
4667
5369
5417
898
5494
1787
4400
489
5721
6060
6068
6172
6660
4788
6783
6783
6903
6917
7011
7403
41
7540
7562
7595
7663
7701
7710
7783
7789
3737
867
1443
5471
6524
6626
6808
7084
2005
3568
7296
7425
441
1127
2686
2707
3834
571
2095
3986
4830
7027
2236
6072
7141
7232
3672
7473
8091
5506
2862
1873
8120
8230
8261
8473
8573
6680
8603
8767
4936
8914
320
6895
3493
8938
9038
2821
3282
4325
760
567
3091
4502
3200
5062
5153
5273
5417
5611
4300
4379
311
6449
6500
6584
7418
3261
5002
613
7466
7520
8091
8991
9046
7492
9094
1341
7455
9128
9143
9143
9193
9211
2412
1034
6271
8795
7163
9236
195
5176
4280
9238
671
6972
9283
2555
9289
9291
4993
1492
2872
3242
4542
6754
6786
3364
2841
3474
7714
7799
8123
8242
2901
5028
564
1406
1777
5463
1086
1050
4676
5094
7460
8165
8551
8844
1237
2239
4931
9311
3362
9456
8889
9479
9480
587
9604
9684
875
4359
5213
3235
5317
3526
4161
5770
7177
7180
7752
569
3037
2102
1272
1809
2939
3092
3376
1621
3872
5878
4578
206
6320
6956
7248
7573
6555
6550
6807
7612
8195
2553
4091
8055
2365
9489
1026
877
3732
7509
7569
1478
1526
2166
2633
4703
5743
3266
8207
8626
9088
5621
1135
2050
1043
3293
124
5174
1304
3844
2006
2034
4372
6597
3521
2486
5134
3498
4472
5722
516
5610
6304
6365
6369
7054
7066
3340
696
2475
7185
7482
6561
3798
7501
7541
7579
7857
7971
8760
9016
9138
9558
3958
1503
4787
7785
9350
9430
1491
9726
342
1786
2899
247
261
495
930
441
1389
2874
1997
2989
5142
6993
7072
5932
7598
7876
3357
2361
4935
619
6211
5369
6256
774
7457
8779
5289
832
6752
6141
7886
3067
6135
6547
6846
8990
9245
3231
6993
9668
9739
9747
9757
3523
4155
5884
9787
659
2812
2872
9113
7727
9451
9790
9806
9832
4812
9841
318
528
1316
1472
2546
7094
2077
2952
5514
7120
7366
3577
7643
7501
8871
9042
9102
3506
7441
9339
9684
3210
3596
5837
6593
9541
4303
9849
4622
6988
9874
1345
9919
9926
9933
9935
480
3670
9291
254
3149
7686
9940
9948
9952
1716
5637
3365
6368
6372
8204
61
2363
7940
8418
3778
173
4042
4252
7188
2388
9591
3074
9911
9964
2153
4357
3698
5238
4674
6003
6667
9781
1382
3993
9965
5943
276
1656
2080
7781
6247
4186
5526
1809
2118
3260
9966
9972
9976
1691
1008
3740
2673
5514
5550
6870
8447
1423
9747
2257
9594
7623
5637
1854
2325
1225
4541
6051
2341
3019
3489
5067
6106
6597
7097
8042
8808
5649
9049
686
443
2992
4538
1535
6398
6202
91
1113
7825
948
1164
8418
8896
9138
9390
9979
9981
9984
9987
9987
9990
3701
3962
8168
8246
8345
4514
1397
9733
5900
3548
5700
1186
5326
355
1472
3344
3783
2803
4126
5653
6373
2827
4556
4778
6450
5105
3833
4622
2281
5583
8138
8334
118
3301
5082
63
3205
5265
5296
2867
1117
405
83
768
3217
3453
3879
4412
5419
1079
551
915
1286
1628
2532
2652
1409
4948
1688
5190
5511
5621
4877
5477
622
5803
5901
4798
6316
2790
2892
4545
4909
6622
6750
6936
6954
7375
3223
2304
2614
3273
3658
3776
3241
3262
4379
4445
6409
6445
2745
2770
4222
7389
7427
5231
1579
2975
594
3367
530
2601
5143
7431
7552
3351
7556
7749
7757
1918
1832
3345
1109
1395
5338
2688
6584
7479
6590
7615
5726
5909
7826
7837
7905
67
2070
7965
8026
8124
1098
8132
5770
2192
8197
1382
1411
1567
2476
2573
2745
1282
3427
5203
5344
6272
8238
8247
8311
8357
8365
2567
3817
7066
2801
8405
8418
8447
8467
8492
8523
8652
8653
8703
1314
8711
8752
8763
1286
2007
4882
8780
2206
8829
8840
1725
3089
795
1719
3430
21
3935
4014
1138
3894
4391
5166
2484
2552
3757
3589
381
4305
4055
4641
6459
2770
2596
5458
6565
6833
4371
6838
7067
7443
7505
4430
1577
210
3845
436
4320
5208
5289
1154
6612
6982
7124
1338
7166
3294
5965
7970
8045
8554
8599
8916
8933
8972
8983
8985
2242
7093
7356
1565
2828
759
3230
3155
3326
1485
4765
5615
182
5854
687
6559
6713
6918
7070
7428
7691
7826
8052
2749
2849
3424
3458
1663
5212
5273
908
1879
5647
6803
6826
7531
7610
7812
8253
8368
2769
800
3623
1658
8247
437
1203
3621
2001
2593
3572
6174
7388
17
1463
7395
8417
2008
2121
2147
3092
1667
4476
5357
5736
7271
5550
7519
8365
8494
8754
8756
8888
6582
7203
8992
2567
3905
866
3756
1983
5704
8501
7666
8698
1663
1788
6332
8845
9001
3372
4599
7507
9051
9062
4208
6194
1856
2849
3814
4305
2983
5253
6366
139
7939
2335
6025
4025
4285
1732
3390
5911
6508
6578
8917
9115
768
2934
3198
3380
4531
881
1018
2584
3563
4974
5636
1136
6449
6615
6948
7153
8496
8522
8589
8599
9139
9140
9202
9325
9345
9379
6296
7175
525
7040
9394
9417
9418
9432
9439
9466
9469
689
2548
2367
2608
360
3173
2761
3416
6363
4512
2485
5892
6073
7715
8807
8912
9482
2352
6908
4248
1772
2559
8888
9328
6569
9507
9517
9518
9551
9560
9609
9642
9656
2316
9678
9688
3708
8857
9577
9688
1012
1972
125
131
416
786
1165
2284
2434
2582
3002
3240
2842
2802
2681
3026
3187
3485
2299
3502
3533
816
3540
4674
4703
4722
3012
4887
4937
5235
5497
6131
6642
6735
6330
1889
3067
4483
4841
6848
7384
7774
7948
399
3526
1231
2943
4140
4909
2265
2534
2781
430
291
900
5289
5362
5678
8022
8052
820
8305
4714
8391
8482
5004
340
6408
572
483
2710
8522
78
1088
4517
5832
8574
1312
1670
624
4777
3502
4158
5137
1698
2249
8610
8407
8634
3609
421
8764
8779
3040
767
4993
5336
7875
3726
3833
813
2263
2518
4267
5084
7625
4682
5361
6147
2403
5045
3365
4593
5288
2834
3111
3134
6949
2517
3067
7354
4264
7377
7865
7969
6902
7392
1108
8642
2244
3882
2203
4675
5280
1913
6795
3043
2619
8890
8891
8937
813
6056
8958
9090
9154
2255
5873
7432
2962
3762
6634
7688
7734
1635
4782
8087
3118
823
2200
7923
7678
7923
9270
1935
428
3916
305
4610
1223
956
2635
4957
1839
2451
2849
4710
5673
6880
6158
3395
2645
6193
7199
6714
6211
7776
1568
7924
8222
2824
6877
3354
1
1242
1809
6704
2336
1580
4324
5229
5643
6896
7087
2657
4503
5761
5243
7615
8013
1618
1630
4333
8160
8327
4913
4111
3993
4514
4821
6773
8560
7949
8682
596
338
1415
1863
3770
1537
4880
7446
7572
8035
2973
6920
7142
5432
8111
8729
8771
3531
3811
5373
7647
3629
6306
8180
8395
8777
8958
9074
8962
6706
830
584
3690
3969
5331
5911
1946
3212
6042
6815
6885
7429
4487
7452
4751
4867
1556
4133
6092
6561
7476
8800
1556
7474
8032
6058
7545
7772
8060
7198
8923
9081
9090
8591
7413
9113
9153
6278
9167
9284
9323
9346
7931
9387
6793
2902
3682
676
3028
3055
4952
6819
1709
8017
281
2147
1520
2890
3167
3507
4516
2228
4653
4825
4529
5660
5670
5813
6483
2911
2451
5540
6299
5972
6761
6498
6788
5470
6882
237
653
1084
6385
6694
1775
439
1238
1919
3850
3747
1096
4115
1583
2968
1210
2770
4004
1819
1828
648
3123
314
3383
3597
1268
1381
3511
4423
4612
4785
1538
2168
4938
5135
3301
5484
5949
262
91
498
568
950
2222
2694
3960
3617
1257
2329
3887
4427
4340
2962
3011
4694
5026
4164
680
5200
4935
5824
6017
5382
6206
6252
6578
6698
4773
6147
7041
7068
1226
1752
3097
7086
1896
4276
3139
4554
5061
5890
7159
6592
2848
7167
7214
7221
7242
7271
7283
2219
1584
3125
4328
7415
7474
2070
7591
7599
1620
7637
218
7742
7802
1494
1541
3840
7874
7889
2597
5464
8022
864
5310
836
1389
5779
6250
6259
6558
7228
7549
280
4219
192
4390
8026
8050
8177
8185
8388
8414
8551
8585
8620
7000
8648
8675
654
5655
5707
400
2286
4099
4469
2451
3334
4989
5957
4095
1621
3948
148
1252
530
209
5358
5537
6131
375
2140
766
2229
2563
3606
4133
5402
5980
6015
6584
475
861
6328
6861
2381
1695
2973
4238
5329
6597
5416
3291
222
1314
3546
3656
1551
1083
4534
5378
6602
6758
5231
2976
4721
6087
7115
7202
1416
6342
7667
8030
6742
8422
8620
8725
8264
8846
1623
2017
7407
8870
8906
8957
9069
5826
830
6685
1417
2046
626
4031
6356
6123
3883
4010
6519
6542
7375
9058
3521
576
9085
3427
9102
9140
9152
9156
9188
9240
9267
2853
639
2266
2470
6033
1735
2258
3516
3596
5193
7957
9164
1753
3005
7341
9171
4604
4132
3254
5744
5967
7603
9281
4795
3018
4238
4718
7593
9283
9286
9306
1136
4815
6804
5681
7216
9311
9355
9369
759
2251
1346
4072
3518
3333
3494
4237
3373
4531
4619
4895
3770
4923
4991
5184
35
1960
5254
5761
1243
3444
4470
3414
3589
4509
5030
2816
5236
716
1979
2444
3970
4415
4902
5823
5950
5964
1137
5424
165
3074
6498
6330
6743
6762
7231
7375
7445
1061
7478
7485
7559
379
3288
7674
7199
566
4573
6233
7309
7970
1846
2107
3281
6289
6435
8013
8033
7098
8560
8586
1295
1924
2256
5838
2732
2564
1610
4331
2238
4445
4452
1768
5787
5978
6891
7110
7153
7331
7473
7482
7862
5256
6853
782
1180
7980
8201
5012
8380
8593
8610
172
2056
5180
5409
5479
6721
8618
4886
7266
2899
7655
8642
8749
1860
8770
8778
8781
8827
8927
4161
7451
891
5238
8135
8327
8817
486
1208
2174
2613
6918
7156
8957
5313
5759
1689
2182
2590
2948
3421
1345
2678
3723
5589
1788
6962
6972
4859
1245
6986
269
768
1823
2397
2933
7397
9105
212
3500
2215
2903
3138
4506
5197
5664
6162
7891
2317
6085
9113
8795
9127
2818
4503
4995
5360
6644
1122
1313
1412
2922
3095
1773
2082
4449
1470
3883
4774
1605
1422
5308
5310
1107
6099
6517
6985
7549
7658
8045
283
6674
2812
8156
8426
2445
8504
8508
8543
4130
1237
1103
2271
3139
3241
638
3259
3772
6299
6801
8116
8569
8742
9098
9150
9196
9201
9204
9298
9330
9343
603
1152
8680
3453
5032
9374
274
9394
9397
9411
4782
6256
2575
7039
482
1113
1642
8508
8837
9460
260
987
2929
3285
1086
536
289
1170
4571
5291
5413
6668
96
6818
7240
8277
3441
3047
8679
8958
998
5960
3230
3739
4922
3395
6879
7137
9419
3833
3370
8837
8285
9005
9480
529
1076
3427
1272
3600
4219
6149
8577
9487
1358
9488
4553
5552
5874
2528
6261
9492
9505
9506
9514
1685
9524
9532
1955
6226
6439
8591
9545
2343
2307
1426
1550
2445
2875
2575
9556
9571
9572
9575
9580
9586
97
2895
2116
5957
760
6203
3796
6433
9589
9598
7201
5068
5961
9616
9625
3365
1114
4512
6057
116
2583
7824
9044
9637
1073
1219
9456
4229
9567
2525
4957
5352
6939
7437
8611
9339
5300
9659
3306
9663
9677
9690
9706
9719
9720
4026
9675
2070
9743
9755
1700
759
9224
3575
5698
1548
1298
1527
7676
4003
3181
3418
5506
7791
7799
1000
6285
7818
7892
3951
3337
1618
3668
1519
4392
5611
6104
6378
5117
6996
4254
7584
3510
3571
2848
6262
6708
6821
8457
8494
1674
8541
8616
9760
339
1325
3990
6734
9617
9765
1491
5229
6576
8100
9750
9786
4792
531
2551
3971
5135
5636
5691
5734
6447
7503
7921
6958
1493
1580
5875
7477
7785
8138
273
8197
4377
6161
8301
8862
907
3786
8964
8204
9051
9285
3619
7655
9793
9800
9813
9819
1389
4366
7380
9830
9838
9605
9843
7641
1551
5702
9858
3884
9861
4767
5524
9861
9868
9882
3223
3319
7627
3438
6100
2167
3307
6571
68
6628
6687
4845
7223
8238
8776
115
868
1074
1654
6885
7658
202
986
266
1911
1974
96
945
2060
2669
3189
3524
5084
829
5254
5766
6159
7254
6313
1228
5670
2912
3253
6698
6168
4529
5603
7592
7963
7989
8708
8935
8975
1707
2562
5793
6942
5804
2186
2392
3734
4768
5568
1662
6275
7141
7439
6112
8658
9049
4059
9126
3367
9760
783
1083
3799
4667
5040
6166
880
3432
1287
2227
2777
3632
380
1740
2797
2811
3518
3822
3939
4057
4252
4449
5618
3452
6512
6670
7446
745
3303
5088
6750
7498
7527
152
338
7603
3898
7709
2236
7331
2650
203
3318
3672
1587
808
734
4105
4767
5215
2653
4387
5292
5928
6537
223
2027
4689
6161
2195
2312
3289
2189
4722
6995
7139
7218
3843
976
3891
4021
3534
1250
6429
6466
2824
6560
5142
7024
