50
35 9 11 44 14 44 39 45 31 14 42 9 3 6 44 36 36 21 6 30 25 28 13 43 30 50 6 18 14 45 11 36 32 29 35 15 25 2 28 8 2 46 20 2 47 27 7 19 26 44 
1 2
2 3
1 4
2 5
2 6
5 7
2 8
2 9
6 10
2 11
7 12
7 13
10 14
11 15
3 16
7 17
14 18
6 19
17 20
4 21
16 22
4 23
7 24
7 25
20 26
16 27
12 28
13 29
28 30
17 31
2 32
30 33
28 34
24 35
6 36
30 37
34 38
20 39
28 40
21 41
2 42
42 43
13 44
4 45
24 46
3 47
47 48
31 49
35 50
35
1 37 4
1 7 33
1 39 43
2 29 17
2 29 49
1 1 4
2 45 32
1 12 9
2 9 16
1 22 22
2 5 46
2 36 28
2 42 13
1 38 6
1 5 42
2 13 47
1 5 16
2 33 22
1 43 9
1 2 9
2 7 3
2 24 49
1 32 19
1 45 47
2 20 30
1 33 14
2 9 45
1 14 48
2 7 1
2 30 23
1 2 29
1 23 18
1 8 25
2 21 36
1 16 29
