1 1 1 99
1 1 3 33
1 1 9 11
1 2 1 98
1 2 2 49
1 2 7 14
1 3 1 97
1 4 1 96
1 4 2 48
1 4 3 32
1 4 4 24
1 4 6 16
1 4 8 12
1 5 1 95
1 5 5 19
1 6 1 94
1 6 2 47
1 7 1 93
1 7 3 31
1 8 1 92
1 8 2 46
1 8 4 23
1 9 1 91
1 9 7 13
1 10 1 90
1 10 2 45
1 10 3 30
1 10 5 18
1 10 6 15
1 10 9 10
1 11 1 89
1 12 1 88
1 12 2 44
1 12 4 22
1 12 8 11
1 13 1 87
1 13 3 29
1 14 1 86
1 14 2 43
1 15 1 85
1 15 5 17
1 16 1 84
1 16 2 42
1 16 3 28
1 16 4 21
1 16 6 14
1 16 7 12
1 17 1 83
1 18 1 82
1 18 2 41
1 19 1 81
1 19 3 27
1 19 9 9
1 20 1 80
1 20 2 40
1 20 4 20
1 20 5 16
1 20 8 10
1 21 1 79
1 22 1 78
1 22 2 39
1 22 3 26
1 22 6 13
1 23 1 77
1 23 7 11
1 24 1 76
1 24 2 38
1 24 4 19
1 25 1 75
1 25 3 25
1 25 5 15
1 26 1 74
1 26 2 37
1 27 1 73
1 28 1 72
1 28 2 36
1 28 3 24
1 28 4 18
1 28 6 12
1 28 8 9
1 29 1 71
1 30 1 70
1 30 2 35
1 30 5 14
1 30 7 10
1 31 1 69
1 31 3 23
1 32 1 68
1 32 2 34
1 32 4 17
1 33 1 67
1 34 1 66
1 34 2 33
1 34 3 22
1 34 6 11
1 35 1 65
1 35 5 13
1 36 1 64
1 36 2 32
1 36 4 16
1 36 8 8
1 37 1 63
1 37 3 21
1 37 7 9
1 38 1 62
1 38 2 31
1 39 1 61
1 40 1 60
1 40 2 30
1 40 3 20
1 40 4 15
1 40 5 12
1 40 6 10
1 41 1 59
1 42 1 58
1 42 2 29
1 43 1 57
1 43 3 19
1 44 1 56
1 44 2 28
1 44 4 14
1 44 7 8
1 45 1 55
1 45 5 11
1 46 1 54
1 46 2 27
1 46 3 18
1 46 6 9
1 47 1 53
1 48 1 52
1 48 2 26
1 48 4 13
1 49 1 51
1 49 3 17
1 50 1 50
1 50 2 25
1 50 5 10
1 51 7 7
1 52 2 24
1 52 3 16
1 52 4 12
1 52 6 8
1 54 2 23
1 55 3 15
1 55 5 9
1 56 2 22
1 56 4 11
1 58 2 21
1 58 3 14
1 58 6 7
1 60 2 20
1 60 4 10
1 60 5 8
1 61 3 13
1 62 2 19
1 64 2 18
1 64 3 12
1 64 4 9
1 64 6 6
1 65 5 7
1 66 2 17
1 67 3 11
1 68 2 16
1 68 4 8
1 70 2 15
1 70 3 10
1 70 5 6
1 72 2 14
1 72 4 7
1 73 3 9
1 74 2 13
1 75 5 5
1 76 2 12
1 76 3 8
1 76 4 6
1 78 2 11
1 79 3 7
1 80 2 10
1 80 4 5
1 82 2 9
1 82 3 6
1 84 2 8
1 84 4 4
1 85 3 5
1 86 2 7
1 88 2 6
1 88 3 4
1 90 2 5
1 91 3 3
1 92 2 4
1 94 2 3
1 96 2 2
2 2 2 48
2 2 3 32
2 2 4 24
2 2 6 16
2 2 8 12
2 3 2 47
2 4 2 46
2 4 4 23
2 5 2 45
2 5 3 30
2 5 5 18
2 5 6 15
2 5 9 10
2 6 2 44
2 6 4 22
2 6 8 11
2 7 2 43
2 8 2 42
2 8 3 28
2 8 4 21
2 8 6 14
2 8 7 12
2 9 2 41
2 10 2 40
2 10 4 20
2 10 5 16
2 10 8 10
2 11 2 39
2 11 3 26
2 11 6 13
2 12 2 38
2 12 4 19
2 13 2 37
2 14 2 36
2 14 3 24
2 14 4 18
2 14 6 12
2 14 8 9
2 15 2 35
2 15 5 14
2 15 7 10
2 16 2 34
2 16 4 17
2 17 2 33
2 17 3 22
2 17 6 11
2 18 2 32
2 18 4 16
2 18 8 8
2 19 2 31
2 20 2 30
2 20 3 20
2 20 4 15
2 20 5 12
2 20 6 10
2 21 2 29
2 22 2 28
2 22 4 14
2 22 7 8
2 23 2 27
2 23 3 18
2 23 6 9
2 24 2 26
2 24 4 13
2 25 2 25
2 25 5 10
2 26 3 16
2 26 4 12
2 26 6 8
2 28 4 11
2 29 3 14
2 29 6 7
2 30 4 10
2 30 5 8
2 32 3 12
2 32 4 9
2 32 6 6
2 34 4 8
2 35 3 10
2 35 5 6
2 36 4 7
2 38 3 8
2 38 4 6
2 40 4 5
2 41 3 6
2 42 4 4
2 44 3 4
3 3 7 13
3 4 4 22
3 4 8 11
3 5 5 17
3 8 4 19
3 10 5 14
3 10 7 10
3 12 4 16
3 12 8 8
3 15 5 11
3 16 4 13
3 17 7 7
3 20 4 10
3 20 5 8
3 24 4 7
3 25 5 5
3 28 4 4
4 4 4 21
4 4 6 14
4 4 7 12
4 5 4 20
4 5 5 16
4 5 8 10
4 6 4 19
4 7 4 18
4 7 6 12
4 7 8 9
4 8 4 17
4 9 4 16
4 9 8 8
4 10 4 15
4 10 5 12
4 10 6 10
4 11 4 14
4 11 7 8
4 12 4 13
4 13 6 8
4 15 5 8
4 16 6 6
5 5 5 15
5 6 5 14
5 6 7 10
5 7 5 13
5 8 5 12
5 8 6 10
5 9 5 11
5 10 5 10
6 6 8 8
