0.0000000000
0.0000000000
0.0000000000
0.0000000000
0.0000000000
0.0000000000
0.0000000000
0.0000000000
0.0000000000
52588266.5686336085
169982641.9754182696
130504962.5123637766
238307144.4792889059
171840402.5337273479
263416955.1330800354
266721171.6848824024
265887795.5264239609
266172533.5226687789
186330691.5501485765
266949882.0653627515
241836004.9990590215
182331346.2521304488
292962701.9309967160
319183486.3130369186
337137943.0936418176
199181945.5983659029
226380374.3367148042
285003241.3618944287
238362456.7441473305
438692789.7824033499
239741015.4775440395
389575209.6937224865
382654015.4423488379
343226797.2226430774
582826674.4816709757
549017295.9520698786
319332211.3938500285
554463809.1914862394
471717289.1472541094
698529273.2001166344
692446586.2568528652
464960074.5277618766
694371136.1064794064
490545311.4479478598
380359186.2530224919
554179587.2973169088
519800124.8820170760
525838969.4935227036
420068499.4116244912
480764983.2982744575
452926959.5653896928
519570972.1139582992
645383074.9631031752
674148801.4186444283
436055136.2249211073
675801145.7052092552
548362405.1327782869
523427999.9449513555
649600233.1462385654
747223058.9628082514
514050548.5416714549
511066888.4271802306
700357432.2217340469
528104653.4287168980
453535686.2108476162
752030169.8731124401
537841308.9968138933
757026254.1508054733
707310804.8593009710
543808507.4579757452
599965249.2535370588
666616645.1605255604
446410659.0153398514
495901864.8001593351
427820261.7595783472
691797125.2230626345
743434210.2841114998
495356493.9967335463
381610925.7447823286
715199470.1891261339
651890860.0233925581
572859978.9905864000
742486815.2980105877
598817702.5476921797
756974739.4922063351
428791088.1366341710
545723715.3393329382
673862449.6292717457
617696908.7446463108
735106943.4741503000
427952001.9752857685
448411910.5859811902
749376361.8703527451
657091650.3941943645
599007531.1635022163
430920905.4966739416
539602406.1631637812
444226683.7631159425
585997247.6390498877
450544359.5009661317
560858664.8709545135
753786347.0252790451
611371839.7066296339
403163046.3762030005
533808413.0561970472
562778360.2488044500
756452562.0365296602
750217805.9533909559
632146081.3247421980
592681827.7874053717
753670597.3150960207
617584757.6450748444
502950854.0878515244
678104092.6769150496
529366513.2366301417
634755137.3188664913
612811643.0653669834
732392271.6306827068
753246011.5988121033
725931858.3130129576
486926288.2430428863
651374012.9190107584
721429904.7454853058
577341079.6215023994
493533940.0283823609
637137937.4809567928
559623938.4977619648
636603150.5705541372
657673122.8082606792
756475318.2835882902
568710687.1998916864
468166317.2287506461
484309384.0561010838
431753685.2771617174
685034242.5273239613
743233150.8852101564
613075920.4462041855
750565329.2377249002
436258463.7014716268
459319554.7569341063
577654147.2298374176
768460960.5333002806
483511022.9030485153
528832748.4294812083
668211979.0279359818
750485192.0092376471
474678831.2927627563
488926922.0946309566
635232507.5311963558
699552948.0559140444
758510308.3418897390
502135643.3780618310
766017940.8021216393
648300469.0866427422
471017671.7656358480
670851482.3677852154
385876439.5330362916
767707778.7694325447
565581219.4095196724
719666880.2314424515
665791367.8785159588
669464177.9264910221
644470546.5035338402
537143979.2436859608
728613993.5267091990
767404979.5207351446
558929917.7222285271
761778854.2273901701
768454225.8483467102
586375906.1659772396
653301471.3854882717
398403465.8252699375
746346840.8719233274
562997681.6875137091
520892382.6395953894
760239770.1805038452
394678063.2646148205
526892285.6072304845
764912426.4996036291
498557948.1806252599
571337001.2056009769
576260399.1111872196
755179590.2698540688
767935982.4932790995
740882190.1107625961
730167081.0352795124
446845979.4862195253
746002402.7620623112
397854553.0051880479
587443770.1981996298
408016419.7609729171
643339129.0065145493
720041866.7897931337
558402776.6260838509
765784436.5919395685
589192198.1502838135
547568929.1683683395
629874738.8507610559
594433714.5236074924
451711229.9438154697
515427246.7018820643
535917310.8297420740
495912021.7611508369
470072835.7995451093
441928409.2477574348
600416539.3316726685
765512326.7934306860
430929488.6482559443
612234270.8938570023
752399572.6379814148
597050406.2989358902
581783693.8788071871
634462111.1515034437
770473921.8470780849
587549466.6351544857
531812263.1346081495
549982702.4953494072
720683316.5512577295
751253021.1869294643
759137437.5314533710
708160108.0477666855
644877201.4495584965
664978233.3082454205
663834433.2633248568
639831697.7534358501
538934221.7832598686
671394400.0351233482
514546697.8266751766
633326811.1467947960
743884323.0234082937
474688442.5548415780
689692349.3725196123
731815461.2183892727
625370763.8414878845
703237207.2116805315
619532628.2681919336
629756230.1356506348
750593310.1105493307
517714005.2190611362
720003171.6842072010
758902589.1845816374
595109919.9315153360
478368956.6351084709
466773382.9984019995
719774229.5658365488
620772018.9645887613
502310356.3578444123
664688507.1768337488
577843704.0639415979
714822323.1655461788
772215176.0302991867
679691943.2452378273
551891005.1229557991
536487909.8309324980
399104891.8774837255
686824473.2997373343
620978560.7396208048
640581400.3374283314
727365362.6644821167
755943169.8156020641
596830458.9295235872
513716445.4314665198
750661058.1015036106
503849687.8547688723
426956586.6242862344
649398614.0679666996
773852007.4447782040
453936963.1447103620
519378778.9304029942
479801513.6385101080
475624917.5320249796
771687862.7387422323
633931608.3713933229
666438496.2926417589
769715011.9846279621
410244547.9783952832
732624198.9741600752
633478314.2449960709
758384581.5372658968
572160434.9219546318
591536911.1115038395
530580670.7488212585
548763405.2952378988
767013372.0127621889
401636361.3790101409
639014031.2783693075
649716108.6476788521
755296097.8124516010
532918266.9228006601
657718512.8374655247
570573357.1761877537
598993658.5923184156
475267745.0219703913
760936569.1515736580
639284723.8812865019
749743898.6544098854
691659084.1113162041
757837645.1525089741
766619592.0074309111
459617283.7260726094
675874094.2425560951
623729400.8764703274
753515153.8265193701
656385285.9943021536
671472032.3925482035
769966005.5131050348
587271366.3964369297
739759582.1107325554
773464100.1940724850
505728575.6775963902
769826934.9960998297
443500231.8331214190
746368866.9545046091
743072242.3639779091
697856930.5537360907
687094500.5754047632
766139511.1646615267
461643625.7201780081
765134500.6111266613
514774033.1428577900
685710893.2437139750
645267789.4371875525
724517436.7783209085
438312866.0944349170
737340622.9892811775
556215384.2424687147
771194195.6810159683
574821058.0653092861
614300958.4460611343
694265468.2774291039
772788173.0869818926
715493895.4926745892
484378283.7189364433
454056806.5617417693
397840199.8852342963
770878332.6811755896
773703495.5081160069
696244820.0459177494
750939465.6416312456
526512808.5714399219
757953776.1068794727
759179429.1729271412
482092455.2555506825
647907238.6040422916
773185165.0440859795
421661246.4733310938
676093416.4321355820
773548970.5203056335
748106717.4162493944
629799631.2492307425
659610086.0475890636
465936983.5198726654
562643856.0139682293
688211424.8558249474
773663580.4463535547
545221979.2466945648
592262309.7849997282
771281256.6126855612
720460225.2928962708
426121976.0481836200
428673784.3251734376
620681215.0931428671
704552736.6975575686
684723288.0348078012
749116826.2655745745
626124020.8551459312
555556566.7297235727
772388647.1736099720
418664545.5379163623
486376155.3916947246
473362149.9619398713
508249647.0944421887
520390578.0750980377
618089466.8063998222
740125624.2318280935
695377729.5175287724
481084071.9854865074
684191906.6046426296
703019292.5556774139
421743694.1812127829
735590849.3879231215
574634771.6649572849
522851927.5315510631
682325301.5076577663
559306256.3846139908
761602391.9703123569
717619108.6613475084
676685069.3140670061
770294804.6571968794
543431604.7898167372
514071355.1158501506
482429480.7780673504
465526487.6979813576
704946512.7256226540
548446341.6603031158
769730872.6476820707
734396917.0730110407
735377442.1288070679
732566159.1230175495
761062329.9613100290
769649194.1357412338
759361970.2487276793
735948444.8165531158
743003627.0874730349
506699739.8938365579
695227091.0229212046
464102870.8215748668
443238407.1695435047
473473876.9768748879
572694424.1321266890
771959903.2601617575
503390224.9687529802
631839280.9852850437
766385360.1606593132
755833840.1704223156
773775504.3658491373
434830131.3116964102
763620653.0078194141
751529934.0256351233
721285972.7234034538
724262106.5646075010
747703705.5127471685
773593742.0892971754
513287244.5863413811
503569295.6943693757
747914902.9672867060
718307988.7319030762
766563638.2162081003
557299128.6689724922
622192455.4070593119
674677814.6470053196
663569339.0170209408
677815134.3411587477
432685128.1870617867
476747352.6429126263
758144653.6663696766
401554248.3972083330
542380427.2537600994
770196708.9022752047
705448962.0907275677
558542120.4281589985
628476863.7026304007
443494944.0202720165
679466043.2185907364
524449180.5175977349
649347004.5594241619
522674975.4780260921
530971036.8950159550
649113377.6524465084
403542127.6163636446
777785469.5209190845
745638029.9760013819
527079528.8512212038
775879759.3912532330
745022006.6888821125
473396627.3826884031
543698317.3718806505
654109164.6515121460
779406306.1709517241
490352993.0279935002
775306062.5843328238
432045225.0650280714
603022039.8178471327
452633321.5044561625
610287727.2940469980
749345111.6717988253
516851436.0299198627
702515159.2010010481
757746648.6163437366
515018266.7181382179
562035467.0602079630
749342683.2606663704
552618870.3035793304
431881034.0501048565
649088188.8023127317
780208205.2035430670
448134959.2984458804
679815144.7750904560
469234057.0634819269
499107593.7224613428
767905201.1902881861
778948934.5204317570
566685706.3379477262
770846422.8005064726
587220174.8570679426
497008976.9373293519
778849287.0167050362
598812424.0953385830
776731968.0847235918
769672878.0424467325
712883314.0374033451
506838808.6680202484
756963354.0757203102
753017843.3188508749
408885396.3536139727
495701363.8099544048
758856830.4002269506
780479748.7222516537
447988068.3274580836
566927568.1083393097
494399587.4173237085
754283979.1768647432
678353407.7461133003
395956496.3584119081
764192611.7066330910
758058148.3187406063
777001545.8203455210
637059886.4012421370
623920771.5689113140
766164300.7994372845
780638582.6472868919
766607139.1594272852
711007313.4682141542
771580051.2739620209
610013656.4567691088
557837119.3950845003
773786565.1120314598
434669108.2553182244
777079763.4087668657
517912414.6579399705
497702807.5051400065
591471480.1941380501
777083094.5115504265
762578320.8051687479
425954494.2313840389
653398164.5811241865
776338142.2037661076
671076972.8181798458
609700884.9942048788
693944535.2574185133
692771908.3450918198
729665656.5339992046
718314284.6395426989
779480052.7495073080
413165710.4971975684
757887677.6885104179
749839795.9409550428
659656528.9131544828
441530618.3816945553
664810436.1551353931
622952217.6706495285
779285069.4931329489
764155222.4767657518
413019716.8948081732
758535667.4029110670
430783791.9915316105
553543697.9900228977
615365808.1002873182
420463608.1410048604
779923616.9126149416
755013635.6112064123
713476232.8052146435
493950548.7670678496
403422063.0458142757
751185126.5814318657
609141786.2109459639
631693620.0908321142
545216830.6590964794
766442272.2688400745
669378555.7729268074
733315426.0760799646
756836366.2346227169
491067916.5414673686
508443095.1575405598
413021410.2518632412
433841466.4094799161
570173694.1481913328
424117152.9473783374
673425128.6181253195
756564744.7141456604
779406937.8122760057
469781408.3755903244
780106135.0960664749
768634430.4376112223
483093343.6565240026
435113893.7315056324
622729199.2244142294
681291691.4190742970
523026085.4880276322
776874757.5470060110
769188095.1730771065
744831297.2153646946
734393811.8547892570
566285253.7790004015
479929407.9818478227
778240968.2999405861
490743536.1729789972
779907097.4067051411
743891748.3933069706
677317549.3247325420
655705173.1633257866
618366752.1079963446
772118895.9138209820
617728702.4590414762
745769222.5972509384
597155350.3422405720
451721566.5383290052
706629234.1972689629
594305979.2267746925
746749045.4783934355
563958818.1301913261
717229013.1144301891
765109244.3204746246
751418841.9754661322
566563987.5732374191
737237215.6443619728
517851348.3032264113
402055881.5626575947
761620492.6853729486
402454517.8290982842
547127398.6193594933
500076220.8712898493
397459810.5836489797
782652445.9514746666
670738028.8722952604
701380870.6169378757
774039924.3983618021
746494693.7294645309
666207759.7684941292
533101977.5833948851
721434272.2659373283
723431694.5089870691
715872071.7719522715
738911919.2577834129
767746375.5490536690
761716988.6633684635
530095466.6592979431
725165428.9457122087
759430961.5797792673
409078792.9030306935
689381060.9878993034
754060005.1926939487
714417975.1231694221
749995429.6191194057
768593544.4491196871
771722513.0635099411
591294680.8345706463
632347116.9594888687
746047928.0389071703
538650275.8457516432
583013416.8774870634
773140715.6351267099
782028519.9719387293
756034225.8103573322
629277704.6833244562
613194269.0595537424
642130054.0507301092
431972819.6493641138
495886211.1360809803
737232914.9586913586
520090688.9670644999
778098740.2528210878
772717393.7320948839
745730472.3174175024
472974199.1945627928
624282165.0495829582
525401231.2137891054
541391062.8862373829
652704845.9929198027
406893884.0866075158
775745431.9031375647
553784616.8557621241
535458760.4106565714
769986487.6468060017
703822237.1543878317
779998224.5487786531
666132364.0871418715
706098580.5608919859
420595946.5619230866
759156032.3008370399
750256995.1468762159
682593525.0865983963
598278633.1007277966
505710654.9576201439
754249747.1013143063
732738563.9868996143
781182352.9647432566
778200154.6977764368
435249815.3815770745
711618237.3432824612
776114850.1851432323
632511821.8320443630
601040718.8780860901
428749224.2748093605
464470225.4406747818
555678920.6498838663
630212459.6843513250
402959170.2415528297
774185106.9028861523
756711799.7285768986
438679837.0189922452
708650787.6362047195
734368207.2001293898
696059598.3782751560
611385289.4701509476
644241073.6151303053
774201693.6316087246
394961098.5515670776
773557233.6455506086
525752612.9477669597
426672040.8808901310
397143175.3845167160
773787145.9553389549
606974792.7185894251
755401913.9888868332
781498971.9320532084
628431665.7513940334
782152364.2006660700
782653128.3598610163
653876627.8761880398
733541214.9321269989
634198221.4361795187
759732235.1399128437
694593943.3760505915
767670669.7406227589
475392295.7693300247
723492168.5435187817
537370816.5855531693
647509178.7310336828
630432705.4351826906
667118645.7268204689
743999466.1959090233
563575137.2687696218
578224822.0032339096
628704647.5091892481
499076166.4749637246
698118979.9715985060
778952083.6214762926
678982083.7489064932
678711524.6644641161
640336543.3123029470
503114660.8561381698
671624769.3482059240
754569857.3722432852
780748703.9204427004
775837527.5056418180
485862025.2606557608
640409361.6048064232
773826990.4598735571
755462716.8010921478
733319823.2776134014
775092850.7399690151
490084131.2039523721
783129564.5404145718
758742592.6876832247
611438959.4202727079
579676876.9985572100
783036995.5468525887
647480295.1631468534
616804613.6427847147
719635091.9239609241
570450733.1473517418
774047477.7366809845
753922539.8875455856
457692018.3314691782
432536102.0591576695
481193719.1771485806
533720899.3189377189
778381677.9216355085
534198253.9606919885
782989447.9286652803
398559920.2020557523
746215700.8706607819
749065209.5430895090
706199016.5748140812
712278084.4581004381
687465413.8058488369
757095838.3962967396
782937640.2179559469
567090022.9478363991
710686632.6621972322
750135230.5105803013
482554926.2814013362
594716945.6949731112
567964957.5492346287
756617758.7777312994
397890109.9322119355
774783538.1840796471
773708589.3892509937
780245066.6328078508
447618719.6160487533
668645723.1479583979
714149225.7834689617
454709301.3736823201
707897972.1680588722
659655423.6048296690
745177657.6272848845
500079416.9273378253
666315823.5488083363
577374860.7221654654
685735927.4357146025
406232071.4797878265
628261925.5693604946
546169636.6965774298
769194442.6169039011
650330755.0819637775
583519606.1623729467
598442254.5682592392
775406214.6213222742
725494997.8827104568
433297217.4868342876
758952747.7616817951
779611405.3757563829
776595901.8996510506
707033222.5114656687
644990102.2933822870
611698576.6983441114
567487228.4812837839
782549014.7600237131
444113456.2393403053
641814538.1930072308
659695134.1093398333
509457877.5122252703
433799583.7637194395
580077053.0218707323
646187080.0041054487
759675512.0024640560
566624086.1981863976
772120720.7024285793
673768321.8069531918
611145470.2127916813
558424799.0434783697
767917913.9210107327
777735889.0702668428
751150370.8461599350
607804345.9855790138
768086475.9898564816
783114084.7976567745
781376110.9269484282
771222677.7830070257
782978936.7401281595
642888740.0939112902
684457481.1036477089
687534927.4719367027
782671655.5258862972
501694924.7348476648
766510560.2442029715
776132503.1437553167
459449630.0677913427
756538751.7832559347
739970909.1369119883
760867206.2613677979
776701532.9824202061
744791885.8728514910
604329118.2990959883
467712010.1849263310
520551967.4745196700
734049694.7263532877
473390301.8217719793
603642538.9842301607
707320420.6915739775
709342254.2040394545
727438091.4378130436
434556120.2814002037
673300276.9381256104
764004776.5714291334
675825073.2107338905
722235111.0820263624
394646936.9242796898
649967135.0389097929
424731010.2088012099
425995171.6583436131
576140022.5819877386
603417636.8268926144
475756851.6200287938
774496129.3453718424
748951995.7167904377
781153291.3654338121
494568837.3977985382
688980061.8849079609
773454701.2721233368
783101029.1238617897
775079389.6142574549
520913300.8473340273
782117289.7548065186
620284916.6922003031
753031090.8094711304
543254164.6991758347
781980991.1976618767
781859756.0033603907
769871753.9752826691
775872116.3892934322
737567796.7215007544
578701471.4836423397
776373088.7713795900
527260012.6691845655
782649005.1074587107
571089601.5146547556
774463064.5586395264
736055232.3614671230
416445265.7087919712
777445161.5272892714
742116116.7542282343
778904275.4125239849
427240149.6065205932
417782892.7743467689
771634111.7910480499
515579415.6257354617
606313105.1150290966
401419379.9430474043
692289105.5175015926
444098120.1339051723
492767034.3533996940
715639691.5038315058
694479449.2334146500
779057485.9480606318
636951743.6146028042
465003421.2528984547
775414720.5408285856
782596906.6505894661
519651864.6137138605
558802332.7339535952
403137999.2617977858
778146675.4422101974
780631144.9519819021
513627506.6419283748
739468656.9885497093
576189739.6799771786
732123883.0158789158
779846988.0085234642
577853511.0181500912
620970223.5284545422
460149124.8885376453
595794761.9136161804
644720035.0958251953
502814250.5691345930
409966939.5009258389
490681966.7658724189
741285734.2273344994
740384793.8172385693
661972466.1734316349
473988260.1878246069
636277554.2958749533
579945385.7341202497
742957557.7380932570
733723877.3840460777
763810034.6177899837
584202435.6144790649
436228505.3920800686
576680974.6924821138
781179875.2048771381
769888919.5779494047
545418001.4336341619
671318309.5132225752
554997721.9950076342
607576234.4089417458
781614275.0427217484
487235477.7104775906
771711768.1181210279
543385311.6017017365
779552549.4676939249
775578031.4720107317
529084562.6374705434
573283157.6621623039
614575191.1547063589
467426935.8196275830
727415580.3065134287
730113275.3584984541
757499304.1539887190
730868393.9773432016
783915679.7304481268
720876564.9889627695
783535567.8711990118
700792649.1993458271
496386872.4129989743
675324744.7683924437
774953352.4958820343
753199860.6785445213
782539049.8583513498
709536399.3948061466
537295603.4872596264
474527975.1900599003
784020987.6362813711
446862415.4190977216
641471722.1853560209
695785053.2255342007
723768560.9820301533
622803589.6746488810
723611060.1712433100
784371233.8157008886
711667856.5163397789
642618125.5250496864
746669724.2170555592
398465185.5966937542
780087450.1361299753
676312791.7547712326
689746638.7235692739
679795025.8073215485
636814536.5899149179
749064115.9233195782
783167712.7965682745
710953781.3692332506
755413714.6394653320
695241148.8184565306
575266111.5705002546
631904276.7167682648
580859677.1240543127
413283898.8008344173
496711079.4686658978
538855073.2671307325
703680566.0851552486
639231972.4394886494
424530985.4950425029
742498742.4352645874
699531575.0908517838
779946481.4831026793
544156302.1735870838
571288074.9344384670
439797213.2164999247
783697015.9089756012
758302910.5757750273
782846836.2400556803
454453477.1883002520
496908581.6650341153
553816227.8103870153
781493613.9133491516
709060681.6376571655
553359973.3185404539
783893545.9990398884
748017347.9139027596
780741529.7981708050
639427818.3762432337
465301050.3013963699
555785652.3576635122
771747063.0917685032
752798112.7361098528
432467548.4104452729
777252008.3038852215
699406536.1834801435
740986353.0987147093
783815705.7865070105
770919811.6835957766
533248516.6442266107
564314757.8323870897
735022063.0650442839
761455173.3973606825
763563852.4718846083
597200417.8756990433
708252058.1388729811
496310366.7331221700
750445692.5802005529
435242450.4290046096
697244567.4814481735
640547775.9095633030
775155715.1375409365
597700264.9615397453
747558978.0757458210
434619896.6826875806
778007177.9165509939
601929072.9129798412
727500360.1993777752
728429747.3073819876
603044903.9506509304
582098301.0896317959
552407792.9374445677
772435011.1223183870
543567034.5058461428
667520397.8473700285
740747348.6457041502
614154895.6148269176
718566873.7967530489
779060020.2315188646
756938513.3923159838
769471936.7218259573
704431117.0989431143
780399149.2944617271
456978404.2401403785
671063521.4351634979
464090986.5777572393
517414487.5632140636
784971684.5845421553
574615204.5604805946
784392477.1667011976
635925550.3444685936
783317424.6326686144
785175099.0435355902
781438572.3300439119
540350725.4291728735
608050326.0384802818
642229960.6582931280
679867054.8859351873
727638832.6614428759
639434490.2927728891
681921996.8852984905
743977942.0966922045
427446368.7844339013
676468149.8283631802
431430826.8827757239
598297733.1585744619
637841948.4250600338
488905609.2252403498
784350200.0354229212
785092403.8487120867
489021918.4810510278
774438260.6095166206
780416803.8310072422
784851387.5946655273
602550247.9200007915
729844739.6349581480
496505158.5973178148
428610136.2699667215
784409542.3556671143
672107787.8573702574
689058424.4888445139
458535580.1198438406
766936306.1636730433
785051093.8094562292
577836407.1743938923
611512388.3590298891
743303390.4608913660
481170125.1138942242
434859258.0357744694
613647038.5929359198
765264455.2879730463
745786388.1981931925
655103106.7609215975
509132306.9010400176
630214889.8572880030
709570063.2535442114
490459942.7824388742
568857232.3798656464
499134790.2184473276
490042923.2065964937
754893461.7546858788
447667964.1484965086
743232236.4986162186
670255954.3971298933
522964048.4596972466
746725752.5575785637
779356727.1759315729
535475583.0261759162
740990725.8707034588
649323969.9542081356
674128645.7306879759
736921171.2062488794
530549869.3788846731
784052206.4585783482
654446994.8239432573
766580877.4438045025
701185146.7249888182
564152226.0622572899
640754365.8340343237
621014737.0794911385
460112848.9603055716
580083039.8113527298
732081966.0550242662
636789241.9513626099
655866921.6047816277
749942979.8332012892
736951595.3808301687
621054143.6879928112
778753181.8196719885
744929338.4595954418
785185884.5198706388
468466937.2108735442
759470762.7876347303
663662833.0895997286
779851901.4347418547
698603434.4744207859
500057350.4668382406
578643591.0221363306
427174427.1496226788
780131272.9890874624
601336614.6435661316
558775117.3953756094
469060580.2085877657
785028604.3617819548
784690081.5814415216
519423413.7978142500
638212351.8287267685
785104774.0252501965
409860327.2549106479
578562875.6229902506
675972396.9821867943
603504074.1059291363
696168986.6997629404
474870406.4575602412
402218833.7782649994
524832129.2694633007
724732676.9923793077
479628164.2734532952
447701183.3236605525
401511153.7015717626
412473266.3264967799
729817805.6953251362
782622406.8652172089
774319420.9622720480
595180601.3141560555
716273834.2758001089
734171151.4749401808
682827725.5112885237
497175736.2261942029
701902583.0647206306
694070255.0216665268
781800281.2801342010
468325010.4517051578
740537202.1797902584
399088112.5867882967
409408149.1332669854
477379617.7476965785
713991345.5950089693
496899776.5723628998
477003906.4068909287
499049103.3261913061
423708173.6837133765
397799090.1704254746
492539279.0694881678
666183645.3747283220
705762245.2655206919
460695591.0426958203
668536584.3060195446
707083764.1164531708
779897021.0395078659
488111126.7895216942
674382317.5013072491
731090613.8595085144
788823477.7458525896
530366151.0466510653
747959532.2717243433
757314470.4017199278
622476980.2121288776
461544758.3005259633
580725724.2684799433
674753705.7299096584
410563735.2385380864
719130726.7169964314
551116920.2385234833
647166702.8985853195
706425170.1010421515
683485904.6361676455
753904702.6878725290
787757003.3640900850
568069845.5394198895
776128698.4954385757
664500648.6692228317
483979591.8641819358
516326687.9146199822
601013308.5574259758
645458676.9875435829
759162570.7296583652
785807736.1142010689
790082640.9679020643
682733627.1585261822
677313472.5283962488
570014877.8039982319
622979522.2033499479
784159464.1856255531
582877564.6683491468
763910971.9783941507
720604947.1184036732
775698037.2083994150
636016048.1533092260
739931221.1101089716
654173807.8141113520
634513821.7414413691
758674600.6792839766
755056619.4057698250
408429435.5815078020
522198816.8232948780
712423396.5663872957
474246551.1021076441
548699518.6107656956
726965343.7530877590
750968586.8679478168
544897171.5761629343
783194887.9673678875
783648178.3294299841
622080109.1132658720
475253716.8455954790
664422529.0986989737
773820528.0036631823
649167401.1955547333
726200459.9742395878
679236412.7848734856
517499052.7166317105
531806441.6007878184
761288373.0864168406
489711256.3597806096
719744845.3266905546
782745640.5944237709
505635244.3632898927
674893685.4867963791
653717517.1051479578
760807790.2431342602
774192646.6290614605
789021499.2861306667
588305825.3016453981
690140761.1645686626
789664090.5055649281
761842550.0143852234
785363446.5384825468
512637300.5211085081
726898952.4889773130
646401123.2622863054
741806738.5938760042
744731116.0227606297
681868866.3462457657
767644036.3199198246
787083188.9947085381
790285803.1274435520
766890026.0385203362
689304103.4166182280
778589332.5974612236
466482129.1561023593
722138139.0117707253
779321123.8550920486
442590769.2915502191
584475781.1563689709
515376459.5733082294
775096073.8003968000
408185946.3828113675
524477372.5668707490
462279769.5257000327
706174182.2027769089
785761002.5167011023
756292976.7717320919
692802428.9445575476
720526597.1703674793
572593464.4102640152
518601417.9793511033
789977958.5107470751
777585258.4077504873
777689249.8754299879
758774067.8173540831
513834856.2778757811
788207350.5604611635
558307856.9201140404
785795847.9694803953
614930646.7042493820
785423202.6995595694
433744482.5223016739
790311925.8687859774
697680987.6112709045
748923128.3434354067
693892710.8099912405
478204350.7641722560
776163488.0002648830
420661949.4080870152
718858833.7851750851
773812189.4677877426
780315661.9218509197
447096724.1808956861
652158436.7087422609
479234007.4931506515
660820618.0928905010
483199925.9059471488
639951247.5988700390
503765894.8269209266
764654182.5911729336
536434804.0799692273
705223222.3565120697
417459286.3894397616
633434331.5639572144
771154952.8234125376
672035059.6106038094
681910852.0993309021
464371304.6198803186
723603532.3860070705
459380727.8698780537
789028848.5377224684
602730736.9115185738
704846740.3418281078
573448627.8853027821
630603808.8433514833
718494622.3578594923
777655066.0701643229
407468474.0805547237
710182117.3612958193
491184772.7623885870
716475199.5937672853
763183191.6897568703
399240121.5610193014
759681746.2809808254
752824901.7122304440
433994746.9609013796
468369358.6190659404
793060299.0059574842
668300668.8647311926
703841102.3739699125
542573003.7109194994
667787024.4979609251
633779700.6246511936
781355913.8448394537
455554184.3395646811
530548680.0458983183
635134922.6076138020
790090997.0937076807
741358522.8639446497
791006269.7646061182
531025952.3302956820
687631507.7591788769
723971780.1550537348
754776537.6127914190
770597732.5230906010
518113976.5091620684
479102890.6827698946
609326603.7295749187
401916266.9583410025
771385940.8564156294
791726918.0637474060
398317576.6601950526
722524291.0234849453
712938090.8590140343
787983471.7818644047
759292722.8599449396
777771331.6765784025
537685613.4835897684
617912246.8799227476
793057136.9761422873
602604718.2839951515
786068679.6084947586
779555540.5064920187
417439449.4314796329
470803298.9184480906
765808613.8514355421
425500578.1625514030
445346982.6513001323
537462578.2564123869
491048745.4824751019
711218666.4928560257
512354513.5593661070
553013265.3959945440
584552866.1889245510
627841142.4018411636
589403531.9088194370
503778482.3042579293
729508932.9027706385
538491817.6815874577
759593656.4670370817
749058024.2717932463
400502181.7256127000
455674426.5318519473
697180779.3869153261
789870123.0323882103
481406363.9801775813
482499602.6466352940
582707312.4128966331
404723149.6318583488
787602644.9339656830
788802695.5471645594
509790604.8003698587
779202186.3094650507
791043486.2918400764
777948898.2139447927
629098603.0824320316
760449568.7487459183
699273161.5572036505
727957483.8252458572
752826793.5443224907
737981875.1332849264
594465732.1462669373
750644899.0661599636
676742571.2732882500
508074961.6057393551
767875615.4806525707
624865960.5674538612
466325224.5867471695
520480914.5695590973
614563623.7440421581
754637272.6824055910
641381010.1203210354
445073855.9268116355
769471827.1651005745
455341614.7854660749
555300643.5090793371
768927982.5082108974
735266672.4450570345
665827282.2963256836
787565029.0117976665
526085749.8414978981
673413636.4401459694
793247006.8339504004
603303798.8034133911
454371630.8311011195
699785363.8615173101
412826875.2306412458
783299612.7552261353
577595555.2861025333
760506321.1903718710
698528057.5550941229
723376622.8744584322
780666991.2427204847
791481245.3016780615
665690093.3868776560
729299605.8201810122
527015028.3719204664
457216245.3263695240
652098052.2375720739
791545413.1740639210
709409045.8595432043
782179634.1084144115
557118663.3876974583
732562516.4220700264
470541836.8471727967
774148074.7727757692
772457333.3434078693
770377158.5060265064
482464818.8617806435
748219412.9764715433
526494684.5246745348
763832169.1506158113
756689127.0231798887
574612046.0506873131
699937586.9237080812
682099373.2097611427
687774913.7083331347
789205968.6008344889
567978948.5724731684
489828703.1499043703
717081448.1818070412
572978637.3190360069
451351176.7559544444
791876422.4588037729
736296381.7088342905
500654018.6180496216
577729252.9047955275
793275282.7066521645
780287315.4914574623
711053519.4296720028
766390226.3554104567
777207830.2128536701
453376468.0222479701
602589280.2890871763
764314847.2456115484
590869475.4181401730
780804354.3306881189
648706795.6178870201
664206468.2009414434
726615377.2647118568
768751397.6507320404
791104289.1674953699
792852306.4260611534
494051890.5989180803
428899630.8643426299
439099922.8212072849
583880053.4582213163
432684834.4428322315
621981809.5517333746
621811015.8888118267
777502329.8015695810
729013315.7776085138
524040128.9383846521
426415549.5942991376
414785529.4224904180
577341100.5731862783
787067382.1904208660
748566452.1024882793
593885578.0698220730
792370697.0891085863
784892922.6989835501
481702950.9332745671
689531634.7755879164
777567427.2320624590
764432048.0228896141
472707743.3534417748
399652734.5802550912
641671758.2909587622
562923192.1265131235
782696792.4256218672
696023268.2419800758
752952047.9777376652
793281388.8766351938
443225569.7182312608
690625915.9505637884
629863363.4416772127
547390429.2488341331
439019329.2961121202
773433239.9814175367
773184614.3753906488
746295910.4254715443
661611732.8853014708
730977151.5176227093
774983714.6714226007
770911708.6778385639
690577009.0326471329
731175936.1802872419
408085410.8714480400
532050684.3212642670
689983613.2256317139
748032087.4607923031
777008422.8074440956
792370222.4271045923
591974483.9625809193
633761172.4481565952
617579941.4943548441
792992488.9499845505
782691573.0218260288
399381181.6178843975
774948150.2726246119
742432527.9973886013
787202882.0794062614
401773205.5001226068
591939921.3789659739
784162185.4037654400
691898596.1836570501
790847468.4421290159
609191521.8968598843
605698213.7338751554
791641575.6152284145
665101881.6174117327
744628669.2390539646
503752193.7475351691
689154953.3889859915
604862188.1235303879
784046525.5752915144
710529644.5315943956
457835496.4651355147
793271660.1205708981
409858081.3922930360
766640169.5574916601
761014150.2700511217
648707849.5016946793
475720016.3478316665
787739000.5831598043
791301679.2116392851
565881750.7869037390
769439932.4838314056
717968746.3813064098
642985837.4168722630
413259367.4380835891
793247222.7806457281
791653751.5991275311
792745235.3290482759
512161606.9001217484
695947603.6896221638
651979353.5343739986
689743956.5136187077
481683843.5112762451
610227391.0597777367
790844190.0457473993
659660772.4112738371
555737190.2766890526
780708970.5204310417
441361172.3204973936
732508189.2908680439
742778452.6675931215
693855671.2432866096
423914248.6652388573
731464911.0073112249
757548951.6329061985
788893399.9675415754
752448314.8175851107
456176454.5469027162
399993412.9585601687
439856211.7329357862
751424161.4599922895
591515989.6800516844
733694266.1510864496
746250673.3781238794
429119791.9415134192
449389246.2160014510
478050719.5308023691
522031647.9618749619
744945448.1417814493
523383304.1578009129
539447978.4358427525
397962934.9393888116
598936668.6536110640
558941227.0220212936
603116931.4361231327
762185820.5578026772
501662840.4187541008
396974211.1950808167
455103276.1398395300
793192219.5811496973
766254785.5280332565
519887286.5891283751
626661380.3233257532
566166972.9701927900
549172161.2532581091
399430950.8477408886
400384447.4849352241
703451709.7080769539
721311735.4885561466
542458361.1356674433
515143157.0072026253
668130667.6289302111
624789843.1952030659
463071001.4416729808
771472726.4971767664
760229831.7093483210
453295059.3887220025
660204541.3317595720
724819521.2075796127
766213614.2494642735
488283724.8525882959
792415895.9528883696
477889689.9178325534
788133754.7585408688
472348331.6481986046
705816616.9959026575
791649295.4779382944
557514953.3937337399
445675421.3142242432
785487502.7742347717
772670272.6607024670
638558578.4920644760
457379852.8219308853
455210579.4172284007
793014702.6129803658
788850787.3058693409
520505979.5405650735
791745098.6773092747
456924313.0945807099
766249068.0061931610
720804397.3067306280
621324598.2825230360
419185662.4140129685
754862242.6612255573
566761842.3506442308
431347916.2517299056
791747503.3080575466
571511607.4682438374
453158045.6655151844
792775330.1392883062
738206497.0681065321
571692941.3592594862
767027711.1655884981
788504138.2516571283
654409590.7527557611
775047095.4284902811
613852080.5882047415
572415345.0162847042
788882104.2159399986
781823102.1521505117
691738534.9178553820
781656460.0081268549
771723480.0342022181
592100014.4275254011
793218553.2043280602
750310743.7149680853
770010184.2439099550
755818494.7083016634
471683180.7968168855
466113854.2110887766
454485952.8395518661
626453970.6030740738
702319171.4078570604
534302074.2440183163
440779168.5403970480
600141334.5052022934
581070627.4549221992
760441875.9944468737
532384554.2128967047
785519316.9122966528
792897487.4101734161
732335859.8313481808
791228099.4625886679
769197471.3281927109
499617165.9851450920
757193898.6998411417
718284005.6155796051
406135947.8130661249
525124574.9244061708
517328268.0044377446
789561773.8059154749
582345852.0976088047
695870228.2596749067
790994280.7286342382
642712164.9086287022
638281159.2646350861
599337476.4522749186
747362883.3153643608
788743891.7430896759
418480888.2428539395
535268198.4591407180
451561094.8418130875
599735141.0710512400
603082504.0742675066
562486990.9931356907
455157411.2638313770
744351280.7797683477
661143786.0402917862
715528268.0755289793
599406456.2697962523
711570245.3182421923
396834573.0368224978
787823595.8068938255
571043408.5207368135
564538736.8516825438
471836769.0597931147
465209162.3835203648
443489706.6555305719
759306770.6733001471
708217494.5882365704
455137220.0802143216
685593484.1656949520
581667884.6235495806
788558568.4423019886
686682019.1446878910
757501698.5905164480
664414130.4984380007
745450861.7240333557
696888415.3254276514
750740546.8902249336
778981412.0872198343
534755269.0899812579
771216911.2587001324
695502081.8010382652
791143387.4729112387
653189826.9688682556
510162412.2295238972
566574905.4927217960
778096177.2341403961
738829127.9889237881
685127291.3220369816
600115775.1696729660
774373199.7109982967
626221080.3456863165
657654678.0683454275
758207074.6502400637
624039637.8967971802
410694076.3970215917
595113087.5747386217
783609912.0442337990
670110770.1163192987
484191380.0148152113
756777396.7016746998
578835461.8672888279
684448817.6938434839
440552101.2783150077
792350765.9619163275
628164437.6096861362
793037340.6490824223
650935274.3648896217
415900956.0095096231
782980512.6480636597
576816698.2169891596
662780011.3465551138
600155278.5489284992
551732681.0162005424
743018566.8648637533
789637569.1526566744
683202861.6742998362
574017668.5966138840
566331368.3910117149
776342957.2310245037
793156712.9071384668
531096156.0513169765
762719053.1298674345
747578744.9722471237
787318208.0632617474
471312204.8381819725
792265528.2199132442
704444763.3601330519
661755835.1023930311
781758087.4991405010
455318152.0591568351
496894026.1858524680
774908665.3286921978
732297546.0326402187
768665741.5340148211
793188377.9889482260
750252928.9947391748
408849453.9988146424
715487452.6394163370
615042669.6412354708
726054254.8090070486
397498425.5718533397
526006853.6407970190
642751778.8175072670
506733561.7416843176
679304601.2823714018
542915413.6058812141
775936608.2444813251
673673117.8945268393
547352055.6428624392
766041728.9089180231
760362150.7162133455
423599121.3517580032
647386307.9724701643
451603601.4557023644
734591225.8728022575
642405600.2943911552
597443428.1184436083
745354614.6135393381
484043275.2065743208
728086560.6026839018
767964495.3969739676
676230811.1672507524
594785783.8358197212
764395127.3578368425
509684022.9667950273
778299521.4636622667
485077811.0372450948
737193295.3812154531
697119217.3873744011
444712039.4436089396
559012811.5645328760
402243869.8453975916
404704290.0362471938
611852220.4658714533
722076151.6946290731
610116143.3084160089
705839587.2386434078
611513761.4979908466
406857485.5006130934
758303768.7475277185
732107418.0020434856
503307165.7684783340
413524648.2543911934
793289801.5675443411
595092485.2748224735
421638859.0940831900
776571548.3392598629
556873191.6373884678
668224051.6130322218
759133746.2711099386
787632465.2239596844
788539913.8408598900
586931308.8584614992
571958568.0981849432
639982299.3524851799
768044332.7471174002
752632177.6690535545
790139430.2701381445
513491424.6273953319
791918604.1143593788
731398937.8676635027
407112482.9437742233
749975719.6624125242
792494888.5615828037
416154868.5902086496
768782862.4934223890
693953307.6253081560
785988551.8018289804
538925663.2529613972
678911375.7334798574
475902740.6267023683
714274378.6449855566
773249183.0311110020
569657664.1265318394
740187108.9503124952
516272033.3519215584
569692524.2913161516
415065961.1993094683
792176685.0541749001
436182020.7328649163
590367813.6681973934
753320914.4266663790
779451179.7022624016
523512879.1806045175
792989307.7488520145
682967221.3621703386
672813568.9421809912
542869012.8892534971
749207057.7579239607
632302013.3312447071
725094330.2647281885
768719376.5884187222
758906634.5993975401
414489680.8198869824
702350327.1597626209
428092197.4729579091
614753556.9966372252
755808230.3656944036
627564135.6395543814
781999021.6513005495
775345992.9193949699
410557079.2369230986
488962328.5420781374
792317513.7904609442
672359831.4728610516
709752560.2738851309
789848252.2508189678
503493136.5809255838
481470547.0617689490
649381837.6843258142
727034746.2055464983
784199182.2175948620
773683153.2757296562
686208474.3490978479
481765511.7915246487
775670627.1398233175
793289322.9833382368
444315382.4052882195
399939183.1813570261
753168598.5086599588
793259649.2018755674
434761000.5684366822
442187450.8046967983
532274508.4823299646
754158300.0452488661
688972126.6588110924
731686089.7209354639
632206141.1457355022
462348248.1281666160
712903917.7496223450
677912775.7195203304
782430514.7963843346
631858757.8732542992
774870073.5587135553
791928439.5491628647
587889047.7963500023
517524706.5802542567
712449936.9672942162
782714533.6325235367
723309464.6056516171
786266935.9548404217
725922965.8772025108
599147347.8881859779
724584715.2418816090
591473416.1154786348
781738265.2603989840
534548611.0852252245
589813687.6979619265
699820160.2883712053
766042035.0413410664
776081104.5372896194
784078050.1813023090
640434848.8489862680
596375578.9850825071
616456823.5626062155
791637699.1533054113
735995635.9230523109
772951560.1698064804
698961538.2173199654
773864289.1348133087
772861383.6476218700
672912673.6473335028
438029250.0131965280
585905056.4143842459
649596788.0206578970
469646797.3046650290
756242989.6057189703
758396516.5335922241
512187458.3680097461
661872653.0608369112
792380062.6865837574
651830521.4344464540
746000430.7580716610
621647619.0914484262
556824281.7729876041
791172866.2619966269
500404256.9888284206
785924125.1757724285
719438309.5240633488
559931540.8081001043
784942101.3748823404
751326286.2051769495
695878164.6974505186
757661544.0832048655
760836707.6344174147
787918576.1489192247
660817648.5960986614
549218293.6186630726
792933479.9487335682
496369466.2755659819
523895824.6143535972
547474346.6525257826
778453868.5224355459
716453671.5654884577
716552141.8679379225
479894610.2385268211
749106952.2635979652
656213739.4739601612
425962848.7660946250
433654565.2822959423
785894141.8108643293
727399483.2246637344
725886886.3300261497
427454085.4879071712
611517599.1515665054
791375952.1656688452
481099932.2963333726
555022940.6487392187
522957726.0036089420
792958989.5633273125
556724679.7462722063
724908947.7321106195
783428900.4208362103
494287436.2570295334
551178319.5513869524
541833654.9076067209
634205058.4074416161
792670848.1546442509
767590863.6726775169
614965160.8948836327
760830802.7228442430
412436797.6374579668
488081982.2090985179
514220172.8512978554
690567248.2242383957
605897895.2830343246
712429822.0240675211
792670868.8049348593
419453712.3193358779
429314318.4946380258
667227534.1464163065
617435369.1899039745
681998844.8790720701
763656397.1551331282
755268487.1801702976
619210372.5672813654
636714420.7550731897
486683149.9239706993
687356136.7733819485
793154692.1238572598
426422296.0164674520
408445640.6357738972
483967496.9826663733
626564071.7495203018
790754765.9506866932
743752197.2552268505
454371312.0624422431
716893456.0914388895
516669671.4841974974
578434434.3665126562
527961596.6426966190
671163334.2789527178
770905511.7849628925
718683363.8384443521
765972660.5975110531
659589153.0114519596
518070666.2524441481
701730229.3224222660
671774789.9115229845
410221454.3383655548
459772884.3172059059
645745701.4547965527
790093771.8126727343
790278560.7105402946
397138753.5318185091
793274606.4199446440
775857803.5125211477
623108422.1802301407
420983407.8841935992
564584704.0318562984
781524762.3468480110
484038038.0730774403
594236430.2614939213
657874038.9523898363
766067145.3628635406
736608591.5563975573
732978965.1866098642
732463395.3756786585
777348774.0706288815
540214335.6923222542
781102611.9234139919
539146206.8973990679
769694261.5032335520
727117857.2101391554
759786895.0271321535
512932984.9078598619
591189296.6470499039
567353606.5162664652
493947840.4708073735
666769199.1066645384
597046329.9389646053
749002456.2090306282
762202054.9841454029
447530300.7667376399
708158639.6180630922
756851094.8432309628
421248705.5558475256
504227786.9239104986
749887485.2419635057
642167478.9471701384
793137199.7560342550
776557342.5439105034
778469501.7521499395
586408509.6012859344
661571540.1924076080
497462288.7130331397
775735455.3532772064
441922749.8715255260
453425673.2720738053
516443031.7496203780
447749912.5568755269
734118451.6500620842
653979602.3294820786
737722530.0405446291
784008859.2613229752
486256608.4960462451
576382249.8420146704
428620455.0188723207
657673405.7797107697
756575873.1834532022
754884831.1670103073
677483985.9077317715
492920848.9269366860
689505793.3408095837
787268398.5052495003
768134848.4157805443
674776759.4591444731
548672141.3270759583
758573451.6637337208
473653593.1149073839
465024190.3772383332
692128000.2700271606
550976184.7534595728
787465375.3118109703
633861889.5158410072
793142673.8059971333
440677985.7062048316
679310924.1390228271
592197906.7544361353
561099128.5217305422
773716252.8914315701
728329408.7797465324
775446148.0855513811
793169833.2191466093
773316762.9745478630
792357786.9182698727
721916846.2026935816
792561221.3695765734
583730008.7297185659
421391926.8976154923
788261267.1266670227
788269409.9817708731
563111757.6400287151
654988494.5455417633
785679060.1750425100
568791326.2215478420
491731773.8015897274
714000098.2843573093
779698487.6207300425
479861057.6943741441
542825821.8615341187
615131627.9949733019
793265661.5396567583
723825369.6895672083
402096293.6985327005
734597479.0976394415
402023241.4527753592
676398226.2579284906
646996623.5027297735
589352552.3722088337
618233891.8246964216
486983678.9821336865
411141714.9703583717
509415135.6952549219
715033379.3715287447
665797327.1408072710
759529083.5546884537
717019376.5330941677
562777703.1918275356
469860098.4352257252
410899322.0387202501
541250372.5722093582
671513690.7014623880
699943420.5525373220
793282749.2420746088
734274683.1185138226
744109486.7252104282
669883893.6158781052
778750282.9269952774
787138949.8665950298
793041771.3626000881
788112903.3715529442
759661239.7911655903
675520959.5447133780
689565706.7515499592
714063330.7695431709
669096845.8450219631
637933821.5346657038
661638532.4559317827
792324085.4570752382
401270658.1134936810
536838766.3304200768
683736215.9801378250
785389797.0549185276
632293896.9399473667
514164526.0009091496
429062534.8795266747
421279376.6724990010
598020115.6923077106
620562870.2919831276
703511172.0827853680
733112226.3352391720
780322931.6564705372
685433303.3204655647
733808171.1971811056
777028266.8138172626
663429672.4332512617
645687686.4326541424
652888020.2375267744
681169725.3289407492
565361479.7571144104
438874841.8371922970
793292374.8831837177
765853927.1164563894
784776412.0517096519
472174716.9781825542
792234936.0860357285
525165349.7999985218
784165136.5570471287
752234156.1202664375
720050242.6588159800
510101308.7513490319
786718022.5629554987
649452153.5375916958
631672862.1536285877
765350478.3881348372
624304231.0092757940
787071905.4949679375
428381163.1163073182
757727542.6458117962
444806119.8072389364
782445003.1800889969
455309097.8952856660
792973730.2668895721
478127977.5046600699
577473329.4291149378
489394250.6186191440
644970198.7726763487
585582123.1222769022
725833064.2213264704
793256666.5788698196
448588204.1474819779
607852783.4960097075
790161621.1025974751
720841541.3956544399
477877509.4219035506
405956987.7318565249
727464435.9526107311
733146396.7361865044
785354221.8268604279
566596146.0360051394
765176654.1149115562
635760411.1332857609
675882809.2639380693
444143005.6764822006
766455407.3950225115
466853560.8158191442
608566521.4578592777
689166884.3452264071
617472628.6773636341
730643872.6034201384
510506720.3046455979
661807509.4783101082
502539329.9610573649
756895344.0798103809
509497344.6786241531
744907376.0837819576
674180716.1532343626
774049837.6398978233
791053064.1775515079
415172081.6205230355
784809238.7266088724
779311317.9552619457
712032084.2608045340
426240911.3593372107
480269621.7859176993
689875223.2982856035
791647205.6412591934
420703475.4941688776
621534565.9532281160
551155382.2362370491
397891667.0197707415
424394217.0903306007
565878298.6116876602
497168806.7999854684
646674378.0497781038
496690032.2821997404
670320761.0613917112
675462944.4071135521
785000216.5751210451
721985450.5597329140
675737215.3521882296
526915729.2311962843
405750604.7559075356
755600472.1733886003
560504988.3657816648
413545702.1499766111
619796350.1673147678
515377750.7832863927
427376750.1758587360
398841298.7528122067
684539404.2322928905
662791412.2965296507
670333959.8497750759
476828204.1630808115
440624669.5962030888
792065750.9327952862
597986275.0760473013
436274566.3717108965
524358546.9017165303
744297856.5366455317
774973033.8657847643
760926479.4115641117
786715997.3406896591
592245434.2190878391
586505728.0332889557
547355996.7076373100
745035521.1758099794
793068701.7093168497
791423015.2134840488
689599797.9240192175
787824824.4406099319
668869173.2611557245
778587687.9885469675
662114578.7044012547
629672047.1134116650
790910671.8094490767
752490688.1591862440
759462740.8388921022
693976563.9201476574
780061480.1470499039
753334397.9633623362
735588118.5182298422
632251766.4767738581
792745970.1576851606
792779207.8693453074
576591451.0596774817
781864120.4680563211
720244121.3539013863
574320318.5569899082
766476377.9875832796
565784599.6639727354
481639683.9434020519
788928210.8042963743
726571837.5402666330
756286897.6268599033
792096884.6728566885
773357345.0651175976
642903569.4516279697
674045327.3899563551
781566058.7734996080
550804842.3606803417
716101566.1669406891
767418226.7220915556
780552267.0986312628
410255720.2579395175
651288438.5320456028
790446940.8167836666
754434068.7661533356
597144954.7193467617
595742310.4754394293
722656886.3453012705
702428726.5296794176
681646887.6944305897
537105443.3733253479
459384199.4049916267
759585603.7322827578
647775014.7314019203
553172256.1237012148
782439007.2314246893
500087643.6385951042
745621585.9453246593
789759358.8313844204
474197334.6622821093
423929520.8313639164
791477495.0790392160
793294041.7317407131
668704483.9104841948
703305815.2002727985
735464889.5176066160
725483954.4044641256
787987882.5475018024
663211804.7811086178
510566280.7361432314
593600515.2998254299
791954117.8907101154
787268514.7477828264
775461321.2892856598
785966433.2452617884
756058909.3282853365
714421262.6915711164
454290286.1256471872
668125951.2763906717
593563871.4514069557
421027153.8686381578
582694142.1731084585
550772660.5790047646
760478332.0282521248
782555281.9023454189
778980742.8866587877
575836053.3693426847
419901623.5521744490
754591335.5941268206
433651506.1160017252
711991265.8599425554
486474054.4236294627
594423848.7983409166
468701922.9931560159
791881518.4796954393
667785985.4530572891
725749625.3057764769
627912230.3521771431
789575396.8091455698
634073619.4016132355
604235404.5022935867
759520422.7079067230
748492682.1797730923
793264706.1236056089
472685689.9624029994
787359109.1296932697
644044384.3989102840
793263814.2115284204
542224080.8317219019
784420332.0519884825
782630974.5741949081
738214646.5364720821
492710675.9589433670
689045263.9109131098
584092859.2387021780
644793851.5217016935
793291032.4573944807
449917674.2462495565
714999876.3244141340
784970490.6425608397
793238087.8106452227
714793424.6451040506
545019497.9205187559
790076247.3015495539
781954926.9707866907
458111762.3479242921
665406222.6099998951
792668119.2370098829
688690569.9571131468
408072008.8391407728
597924878.8118655682
766544876.5530220270
454259388.3690410256
672130215.1420429945
557072574.1216965914
722517507.7874109745
772006749.9242147207
757857127.6517441273
438860469.7533051968
428507504.5339458585
644404485.5631219149
776717581.4808877707
611778090.5214638710
629667025.1161534786
757436499.2276059389
779567830.8847131729
734661911.0908186436
777962032.4918960333
510293125.6579990387
724745863.1919261217
783471358.0651795864
434505489.5441340208
433486639.2546840310
793287559.2125048637
408509992.1909536123
715464573.2042580843
782138201.6061936617
398133568.1499088407
777652962.2270274162
671822470.2293860912
766270134.1283155680
454467539.7670049071
788829279.0538650751
768755447.3275334835
787909221.3016856909
736466656.1851049662
406341656.8991461396
789554953.9464505911
596941739.1443054676
605127693.9224293232
752537271.8118832111
460125039.4256149530
553314384.5321649313
762087640.4492503405
787417501.6231718063
545286953.7864708900
639234868.9126127958
705086524.3352504969
679044648.2643258572
559090953.7724398375
528719637.7555229068
751355836.6511896849
569281924.0767956972
540694394.2975519896
782452666.2487080097
776444859.1741081476
477036939.5581068993
585979635.5250965357
665434224.9280323982
789110041.3769600391
444669173.8172081709
709647911.0484790802
741640272.9271320105
413552624.5524363518
766963444.0913490057
724510414.2136677504
791474920.3862575293
599724108.4710855484
553448938.6562672853
499521514.4480992556
708864955.3810307980
742460866.6934775114
790777834.4243651628
793262442.6794153452
562155316.3659701347
791319433.2223224640
712908979.7379132509
767449865.9138561487
570130711.6099581718
694504241.9516731501
586158198.1454294920
785845472.9363259077
704277251.4964046478
580583722.2566511631
635876691.4679245949
507753460.8300058246
772740688.3393411636
718757078.1614261866
682045094.7063112259
441053328.5147156119
714308804.4987095594
738418232.0660769939
567363147.2060825825
770820458.8131725788
460560602.5232287645
528954784.2577759027
689923744.0210789442
678803846.6420440674
626405479.5963497162
559048824.1299790144
702484029.5506163836
723925367.8760823011
777557146.5244309902
581156667.8816944361
522759307.3895260096
679772416.0414743423
740856481.7799346447
484610498.3815093040
499831899.0977682471
729468056.0824487209
704174188.9790885448
584514820.1280307770
793343557.4085469246
562756434.7305222750
794231168.6056181192
493871244.4892306328
731582701.3477690220
795240125.9797351360
657862025.2857778072
796345090.9968873262
777346777.9239652157
791167086.8260692358
629556311.5747579336
757387890.9557548761
422110827.4245480299
738587797.8830034733
636180842.8473941088
440816005.5273287296
769154343.7893387079
797905617.3131527901
706180280.2192350626
797856756.3637534380
407455985.8208028078
741606759.2802361250
788788524.9653053284
751558446.2918667793
486801022.8883761764
724377967.3149186373
760501295.7379024029
741353563.4376360178
734085789.4510395527
423696625.9859484434
714043297.4849164486
734046728.9755964279
677940167.9074134827
561696218.9214826822
584316658.3984912634
498786296.3380492926
788023403.4227620363
793148900.7089506388
520640785.8851030469
794813682.4594200850
785287885.1101043224
505360096.3232675791
553459574.9674589634
503039023.9721962810
521909822.0135135055
534931666.0528558493
635183022.2811908722
477497679.2347043753
783574037.2814283371
712339281.1690362692
490184021.3513963819
758329075.6382424831
547305531.4349964857
660247184.6667574644
424431392.7047323585
435193906.6128119230
655221712.5676416159
768949412.7965358496
761579182.4736878872
518447610.5019927025
643660998.2399444580
774715689.3759533167
409099892.1883246303
608144515.8810576200
742157561.4645177126
759779270.9808386564
794844313.8993557692
678331661.8128703833
709399014.1037970781
754056290.5440614223
677496855.9844660759
731731747.9222322702
797953438.5287919044
489639985.4921534061
764493462.1412014961
607094504.3229823112
523141131.2682211995
500142157.7587264180
533747893.7525098324
656257933.7310386896
409607261.2619969249
468708894.3192263246
780178960.3936518431
524325716.3120715618
794600275.8310089111
495837695.0618761778
783575348.9256742001
797638549.6824775934
792565862.1492373943
789218638.8952962160
742026953.2653949261
517974351.5606970787
730537842.7209184170
600778199.7017489672
583620332.9292941093
752283152.7323153019
457456599.3595967889
796052181.0991313457
423877819.8555057645
730341715.4853461981
559357564.4345637560
491555986.2953712940
796829905.7943520546
792963690.5628920794
773705302.7588990927
704977734.1987090111
596846803.1003291607
496580285.1366856098
797560047.4735901356
573193372.8762726784
791717498.9863021374
690532669.0198563337
784715120.2753190994
585770165.4713876247
788254525.2671253681
634097425.7445446253
516154017.4140378833
774964010.4222501516
677347081.6137104034
745107573.1382375956
533288313.4704834223
516155287.3413244486
669891683.0425846577
538612983.1065977812
797913796.0699850321
580039798.7284759283
691430195.9077593088
671569923.0278700590
400412734.7459647059
776271454.1730142832
653685797.9539685249
776608268.3425663710
583500707.9033378363
405981286.0513269901
612980453.2517876625
591407124.2899749279
781290154.4246572256
540360303.8711256981
681253052.2174518108
519307586.7585873604
760541904.8815467358
497931902.1433956027
631683517.2137061357
699034157.0645906925
705652228.4418809414
465431142.7157807946
494643362.9719111919
558031310.3949009180
489463381.7600747943
664215085.9425309896
704537526.4878371954
755863414.6403253078
552044166.8702371120
441302121.5825496912
640281133.5689781904
629536071.9587241411
611687720.9371130466
630316304.4188752174
646337594.3373934031
795286819.9768350124
794928462.6172600985
738586409.9425492287
795976967.4891681671
643704539.9503164291
675118658.9042563438
438951492.4372565150
496670391.6083140373
797670086.8428039551
728924055.0136190653
563870895.5796290636
739361723.4182176590
708271063.0861157179
448898416.6811560988
755760019.2376905680
506703327.5093671679
797948544.6642537117
661514817.0105197430
660004612.3454604149
704009788.3848670721
730965287.2391712666
475139143.6632862687
515563354.6813519001
520750007.2808588743
776985604.2907435894
545596512.5720922947
638028294.4787620306
790342240.4263288975
790076009.2964324951
402824730.3495173454
769016975.6202391386
721464120.3435850143
552734939.5597251654
608809235.4002646208
425818285.5971987247
732496499.8915455341
535068972.7155306935
752667172.4324177504
795929604.4614388943
630548241.7902413607
417995961.2750419974
703015941.3178553581
736606393.4257467985
744485157.6258257627
564490248.9204380512
696740754.8856197596
759377208.7335951328
768580769.6440204382
511373093.6912463903
789189955.8840812445
797290648.6931732893
797464990.1162304878
784673307.2843202353
619165370.4720799923
763300009.6954402924
793197983.5234043598
499749024.7172683477
764306730.5420928001
431356895.2697305679
614519410.7810869217
756908483.2030867338
769500296.1248043776
543066256.6617894173
786337048.5681352615
751339823.0201017857
455785804.5494357944
565842127.0627650023
566697165.8566732407
553744162.7227307558
678685704.3061815500
475715101.3495087028
794128158.9763053656
795574898.2637320757
660559796.6017516851
594946774.9178651571
599237290.2362112999
589767304.8613401651
776127227.5125668049
787429571.3505678177
643085125.4082822800
422291520.5858091116
657954005.0634618998
683660953.4964263439
458380381.8626130819
754648325.5594036579
672315494.1240764856
524438019.2190021873
797044269.8757419586
688957852.2549376488
786429215.6091271639
797931669.1363873482
399114209.1821315885
453400043.5072671771
698393134.6181218624
453830288.8112377524
789360120.0936729908
789405645.7148777246
752728302.4870384932
646627966.3480520248
794413860.2502251863
797680280.8720414639
775731918.0396685600
644696469.6447138786
618569571.1725345850
636213584.0404978991
665408417.1759341955
605757966.1246805191
772569630.0660997629
773131735.5413072109
432501294.2173414826
719851174.0799598694
767382491.2657549381
470687864.1162418723
607658913.9808052778
793497067.8263906240
797201595.7511943579
426256648.3512376547
457746404.6366561651
793101943.2731560469
480483694.2350580096
790982211.6030807495
735832445.8565459251
457363675.3672808409
702238914.1116193533
418165628.2698097229
730655740.4035726786
497631945.1393961906
557662179.7897187471
790339368.1421918869
665983657.3872680664
474100437.4221620560
613253878.9466948509
554761299.0806442499
571708759.8297899961
418004290.6383016109
792491112.3675988913
681660652.4336919785
794559396.8149199486
783853733.1347976923
728393226.5120841265
468234685.9056070447
792764135.8828305006
558429051.0638356209
469116580.1882766485
640094439.7879054546
662254963.0619229078
746590185.2079733610
758387010.6685427427
428251172.7926002145
771615072.8654267788
459119945.7195075154
435723092.6373986006
648640102.2860002518
741679067.1453233957
563775529.8444114923
785833606.8006647825
718512067.2951111794
754214173.7116850615
436487452.6769661307
425554464.2146071196
441050565.8976753950
689710592.3207916021
619517308.3246659040
579953971.4052991867
439509880.3339505196
757968868.6874477863
416895137.8951622248
709798635.9553382397
741204490.5457044840
633245808.2829645872
438695138.9047037363
784445704.1981283426
797900873.4001700878
593199279.8394504786
573071685.0319212675
742326562.8624656200
682020435.1115281582
580926113.3928493261
774419055.8809813261
722752883.4406219721
797000227.1867477894
562894740.9922014475
797033950.0743150711
701884625.7298495770
700957331.4581702948
459405287.1754811406
733121389.2154016495
438634581.4927735329
746304793.4698935747
708703720.8140599728
477965301.2550967336
784115999.5921462774
485480734.6361696720
530789908.0933315754
601523531.5888931751
776566964.4504209757
687905431.5934988260
797532072.9808529615
792009502.1759592295
751472612.3706856966
621390730.4693753719
422089146.2588980198
770200034.2628149986
557521358.1448528767
746622855.0591588020
598865066.2792975903
593321420.4593486786
733864554.5641283989
550968331.1455746889
513217004.5137577057
792223497.5954995155
606815846.4537934065
793020030.9603295326
797718619.7395160198
794336598.4460721016
756017084.2134684324
622650391.3697458506
606534635.2646079063
796698463.0905476809
737091501.4592583179
405824133.0321695209
420368505.7241178155
511494534.8866870403
795540073.2001264095
794008100.4084258080
781081027.5441811085
797172873.6046439409
797515397.5860329866
531532192.7222170234
439161490.6648092270
631536834.8135020733
520986094.9523026943
793389163.2003793716
783181733.7634894848
756512837.8662972450
774654734.1644964218
495318376.9233576655
697723499.2771805525
792834492.6271929741
482602091.7706952095
779103241.8734154701
527614765.5433096290
659953086.0851513147
475330917.8687686324
688609006.8048764467
771478686.2439999580
789673232.9540175200
743888161.3339409828
699753621.4131566286
729735268.7440423965
639143992.5456779003
509783014.8023369908
554432489.9925777912
579409401.5039339066
754280841.0256645679
720716939.8252549171
430152425.3331157565
565229435.9421620369
645546879.0646364689
797450487.9347144365
732270125.3267993927
440760936.9768307209
701998479.0955733061
779303280.3502796888
617979076.5959081650
607529134.0518198013
507474181.2426526546
794166229.0679243803
549128175.6448721886
648560974.6431133747
786751420.7338296175
715540075.3230930567
775529331.0838710070
790759449.5988676548
711082238.9422552586
780147705.7208623886
761301649.7164269686
620603612.1295759678
797945596.4268094301
431863688.4567791224
758607089.5885024071
597146394.6499297619
797961050.3044502735
408145210.5799919367
766812728.3108633757
515448667.8012993336
772255343.0541386604
791510872.6151868105
401091641.9692059755
764621175.9819195271
797599786.4746577740
694982260.5982959270
697650294.3277437687
518151337.3234162927
766192748.0158640146
489863416.4821085930
503706855.4425566792
483152082.7071765065
579170904.8144313097
731781193.3669701815
711930285.7781450748
796348934.5590180159
714405773.7642362118
644856962.6476192474
453581526.4589855671
447297081.2539079785
784758149.4616948366
786691049.0711535215
624138267.4049736261
646555230.2394429445
793495698.4187165499
520454426.7477970719
424219863.7980847955
797826403.6080617905
576557792.7652823925
797210023.4226155281
795302372.0251098871
778642064.9630095959
482147550.4367187619
769945403.4742083549
451160669.3602787256
577646139.9754146338
451694535.6283910275
771892674.0585615635
447745199.3728348613
708199030.9528936148
592706585.5754492283
614288471.8321939707
539753836.1706455946
725055428.3989543915
481228837.3966627717
631757996.5157145262
773466089.7974507809
521394687.6762912273
683626163.8580778837
749141954.4475497007
629204705.2101672888
762863863.7960562706
428209300.0649604201
788451932.8767430782
766790373.2172574997
797580287.2659412622
792890340.7861111164
795626272.9591164589
523384646.7206851840
410925202.2884718180
524617719.7933924198
497809402.5844006538
745296353.9042593241
462464848.8241056800
410327135.9321200252
419100105.3429098129
567912037.1780923605
424592869.4878472090
629161615.4398347139
463763716.8524841070
741377773.4426780939
469664825.1592344642
797270578.6448410749
688221080.8159239292
769923832.5499359369
725149147.0182415247
787390057.9216977358
576484136.4122188091
639650760.4653942585
782297133.1832275391
793931696.1455727816
592209790.6241171360
690803062.3215206861
475463175.3889716268
673830317.2977509499
788328635.9682694674
778912697.8972703218
766171923.4994411469
578963554.1691794395
741834538.4557390213
469288475.9264451861
428215273.6131702065
628800078.8409374952
459989172.2587558627
797929536.7609852552
446335913.3958964348
533544377.6909857392
478550269.2654074430
428782311.3365018964
771379776.1488705873
607259995.7932486534
751030675.2281594276
452940343.8918364048
786153410.8772577047
420401191.1773530841
474278606.6895262599
515242736.4587356448
634134953.5820153952
614228985.5128488541
505364462.6908512712
736185375.0734475851
468262695.1849462390
426844075.0204881430
426493452.8039816022
785768041.6906412840
748669318.9286075830
699216071.1112691164
441796542.9533054829
793560920.8006776571
411594661.3998584747
706541728.3997721672
600702786.5188772678
653681719.6229530573
795732717.1000810862
755379355.7773408890
439836653.5023829341
730185178.9445081949
739353343.6844477654
783664310.9472688437
785273141.1839405298
571670553.0245745182
794039240.4749342203
784609224.1586905718
758063777.3032251596
793896474.4741665125
692478346.6216328144
451313918.8777223229
747330699.0864753723
797934333.8201500177
780310713.8155874014
797842230.0874115229
777458522.4854091406
773235860.7743836641
752313301.4531654119
670728452.3048869371
496703915.1386567950
791407581.8607660532
486184107.5398865938
589938406.9885004759
771548755.8502336740
773761672.1016130447
613476262.8741757870
788082449.5681068897
789356561.9406353235
729560799.1795374155
749284976.5012112856
456595282.5743825436
576794777.0209251642
787112449.0385855436
791272774.4595171213
650733980.1730078459
782847399.7125761509
719090915.6108849049
788914390.7997924089
797659693.1425112486
409976975.4884856939
708920122.1855546236
477447704.4671009183
784977130.7288140059
796431174.7688874006
699700752.8648290634
710355358.4072445631
481594181.0380541086
517487299.5857658982
732274350.5634629726
694206594.3992395401
755825620.6691769361
690352357.4312103987
438472916.7285950780
725735430.9910508394
615393152.6753709316
424502618.8699643016
751964422.0493952036
430142709.5032161474
743601839.7715854645
559614642.7060462236
758806551.0117455721
653296688.9383423328
797605276.2807793617
566384850.4350463152
752818843.7979453802
561398397.4920128584
793834369.7217507362
683130839.6949757338
695753190.0464408398
500502186.2999424338
405088276.9855272174
769269330.6796973944
591400933.1732715368
690013099.8516118526
656536175.4536920786
499875365.5502980947
710648443.5699062347
794699163.2517412901
724431220.8647964001
615257042.1689091921
412966328.3331231475
712310441.5755836964
501445096.5305903554
730772721.1138650179
681694019.6087154150
401568796.3504087925
796036598.0473519564
728308979.6709171534
422803443.4429619312
563432076.1918140650
651426299.1629759073
784580114.1683276892
772585072.5521286726
790039142.4590295553
797103396.2421953678
687965433.0535230637
553969121.5610016584
792474126.9043251276
759773021.0349611044
544229439.1899665594
544056733.5406078100
675115025.1484483480
578610995.4582667351
468153909.0649834871
430982425.1789681911
412938362.0689399242
797731929.8080660105
796771497.0341875553
725485227.2664163113
794016565.6524573565
671730961.1614334583
793077484.8626905680
771977151.6250095367
742020436.8475862741
588123336.9751318693
745751121.6768906116
743603064.9962692261
777036178.5325311422
786174333.7356098890
763250946.7012590170
785897479.7107175589
405100796.5127211809
438943187.1871796846
631473944.4296189547
742052093.7651070356
750050965.5706056356
789519479.9687532187
721050196.6963170767
545373850.5804463625
780852728.0930624008
633496027.7286767960
603420864.4903134108
716248739.2151037455
504263112.3427222967
797883653.5497485399
548979956.4190483093
789606522.4797101021
750536090.1371836662
508262274.6084589362
670888941.7119697332
791128129.5408434868
534307334.2233874798
759718617.7898155451
679862902.4817736149
760890381.9813032150
481491734.7935682535
593489966.0024626255
674491673.0489422083
481294414.0038307905
415187888.7563643456
720547840.7028406858
761860662.2827897072
787198002.1143424511
794454846.5001142025
717720609.0859713554
780618642.1487580538
748643522.4500336647
757753257.6741660833
630170568.9140794277
434109611.2156931758
796908553.6909362078
545818819.7833396196
785325232.7687635422
791600384.9017916918
631279582.9636741877
780832115.4739029408
572187214.9139263630
608387079.3232501745
657345114.0970847607
704056973.9837253094
797729411.2575742006
491911241.1588224769
679847710.8194235563
459086000.0621026158
658738499.8360123634
540582786.0985833406
794606583.3743655682
464677296.3183200955
797363997.6206592321
795389745.4759103060
588918264.4655276537
481062270.2581563592
522242850.1424722075
795169513.4391161203
781995510.5934195518
730879304.6527297497
791298234.3841220140
794328427.9436812401
687897672.2241377831
753977277.2398012877
609899435.0564484596
566451675.0589214563
646932068.9989385605
771167990.4184132814
506232244.0005493760
544400185.7535558939
752384893.5571324825
710880498.0806477070
779287166.5191199780
797816630.5120513439
614483128.0302455425
432735498.3370196223
766833241.3756062984
540676006.4371140003
738027446.2540556192
796807098.6790347099
575509601.4777441025
765591194.3979256153
797914091.5890444517
468531113.5828142762
646712632.2585448027
795192423.5137299299
611105887.1315668821
448496333.3834016323
785497132.4676911831
778018343.8868860006
797238419.1132335663
716028054.4881861210
797923439.4172744751
752602967.4209871292
689028813.3962619305
489356939.3091262579
697536126.4084107876
616271963.3450745344
727698502.4155656099
747336613.4513057470
721328502.6699256897
654798026.6577495337
781913102.8623551130
729753559.9806236029
574401148.8703175783
649838718.9573347569
734503632.1201024055
424704482.9978798628
541091000.7753760815
566218308.8562824726
565274303.8841798306
430645515.2649343610
727221758.0118058920
648346600.7512087822
449630728.3833558559
673723930.9337894917
656125716.4784291983
734655073.9931004047
544038860.8183101416
555846382.0806813240
552287383.2261976004
568509442.6434743404
644474562.6217845678
787624541.5226706266
712324993.5425595045
637729785.2158273458
440139712.9216710925
796895607.4356924295
651031881.1610213518
417830735.0019223094
517408122.5676701665
539691311.9986729622
477603551.0726022720
678385218.9860308170
780132063.8397349119
472654389.8567659259
789064330.3815792799
455371452.3229533434
590908122.4861519337
629902691.7299735546
686240608.7338210344
601953345.7434508801
722122803.5346524715
766196252.6326621771
775102146.2803610563
726790801.4934413433
737210389.0756264925
629416224.8584089279
776771341.8678302765
459495785.0101169944
691625132.1441429853
782249968.6955392361
666800132.1472513676
782857451.4419127703
639857188.1227407455
753960354.1935741901
784725077.5062577724
407232348.5153751373
708770104.2123932838
786121418.0785315037
796962924.4213505983
797952261.1099801064
786638214.4943175316
464497720.1019380093
693947953.8475666046
659180971.7114316225
554077402.4227875471
734790160.4437152147
740629805.1442960501
593469026.5224399567
451225429.4903680682
722181746.1933646202
765840632.1865963936
727172746.8237677813
652956653.8641803265
403944136.6156575084
446277763.1191816330
712394007.0717039108
790615586.7299572229
403018750.1902489066
744104786.0762107372
778973717.2390582561
731070391.8686079979
526467915.3696963191
794299462.7534090281
796557194.9535011053
755219965.9081206322
794550500.8801810741
674736641.7270613909
791477585.5840203762
752910476.9105895758
795035315.5265338421
707313353.8388556242
790035573.7098110914
594941330.2075560093
793302347.8403098583
749605679.8904399872
731225506.8996554613
792684692.6132701635
623563440.2276440859
672287956.1104534864
784499398.1026751995
688009193.0773165226
446654205.1223684549
554265925.3888423443
796079245.2718969584
667627644.5684543848
448953770.5569738746
459675244.9471199512
705168439.7832417488
578506211.9112083912
651106531.8903359175
750935415.5719372034
403212214.8358930945
671959515.1560953856
698332496.2366825342
698070518.9453908205
760198186.4618520737
707652933.4297527075
607065130.4174895287
791832401.9305566549
453593679.7371881008
573555428.4265743494
684998121.6639275551
720465142.6301808357
771344768.1797749996
411961371.0288057923
593393682.4374717474
491901010.8400018811
784942652.7906852961
525644807.5782514811
519076437.7690058351
574905021.6647814512
555874257.8946664333
580481299.3929628134
446538037.8800259829
436877803.5413536429
652362011.1035318375
670756668.0824167728
654810666.9474720955
550638095.1706632376
504136369.3412268758
700743987.7571914196
721378620.4320749044
702874729.2811360359
797732993.4559528828
721116945.6461367607
617456773.1438236237
715104926.4602651596
558028310.1660841703
606231277.9809200764
502104049.4269821644
789449774.4190919399
649118532.6926240921
779784911.2782864571
441191715.9752383828
594197617.6528691053
735595780.1910846233
756854491.2218031883
646886531.7767145634
751378175.8615633249
766635538.6926876307
766293961.6510190964
741748556.3916239738
594813015.9080251455
756325531.2806948423
412842102.1735479236
579060475.5860327482
559594766.1722594500
583101368.2317049503
415497007.2337588668
639584180.6831420660
574552134.6871368885
683884561.0397369862
615749865.9393925667
797537416.2201377153
499743251.0493081212
681389432.9958451986
741902090.7618591785
771751099.9273725748
787879318.1995949745
455852679.8855009079
747547548.8196345568
771918693.2816120386
797824698.0650652647
537919483.1868052483
647644059.8169256449
728845902.3402512074
515675748.0716751218
771102865.9117704630
710262618.7317914963
797541221.6586039066
730881040.8796924353
461899998.3350548148
466709305.2023881674
443865542.7473885417
784990241.1562442780
768278030.4315204620
637029890.9620364904
440102507.5165771842
528207902.4054743052
771496491.3733084202
776073951.1706962585
797797550.2937631607
735988051.4733409882
669691896.9205164909
512353335.5072243214
421324464.0007270575
556844775.1834837198
411498344.8055447936
655274961.3220094442
710500528.4183404446
779309176.3013839722
795781650.1032783985
491241399.6282110214
740265037.0014355183
797518358.4465365410
771711714.8341979980
460205740.3213770390
594029320.4483884573
428638419.4129334092
528153487.8417784572
782646278.5904047489
631045241.1484383345
764919738.4173026085
678135746.4686820507
797856852.0219064951
634672731.6972243786
459023512.6944354177
616005155.3738517761
596360299.7545812130
615786599.8467425108
454482244.1703549027
766396217.2419476509
756509472.2125781775
675071998.8203154802
797952797.1767171621
773467535.9700270891
732996611.4720723629
664743162.2546693087
510166056.0413604379
635478012.6726055145
725880459.6083358526
590391683.5385732651
782124933.8626998663
667399748.0742455721
483179629.6561370492
452861386.8014631867
780952341.3103511333
790183603.5054314137
777191110.1842229366
630337854.1048599482
603394510.2113540173
746425231.8153574467
693226159.9933695793
681359098.1739475727
655296043.1325341463
469663712.0303701162
708829256.9784367085
565333496.0666508675
795352059.5047032833
796605007.7936233282
740814851.8059662580
740437252.6096018553
711540719.6610184908
782694846.9962964058
738768222.1202839613
792718986.1814961433
795012488.7403463125
687738041.7598574162
618312413.3005594015
774695425.8262227774
401592505.2354879975
638655441.4300402403
533690540.3568011522
721261089.8903189898
410034996.6925055385
762505200.6978927851
797859728.6211371422
722493718.9016417265
574253897.2238184214
781030233.7720724344
793490737.5855532885
641302206.0920792818
764540168.2615239620
796571387.5284183025
533776451.7998090386
428567137.9768112302
797552903.7984244823
713060263.9366686344
659985701.2073123455
491746803.3370152712
741466482.9384753704
723160337.0764079094
457475907.2513388395
566751531.1147732735
795758770.9347717762
796372973.2332397699
644589779.5831996202
726316948.1076232195
761952216.3393502235
726567044.3260164261
434009533.5158805847
441356120.7345973253
462198385.8558992743
746335311.7717037201
785459154.5773751736
416716300.3959979415
463927458.0110708475
797946283.3339447975
694298394.0320459604
796498966.8685624599
425421920.6224378347
762982408.6299626827
438015764.6415312886
771159977.8120396137
789932040.7142059803
782760211.9205449820
640523943.3653324842
796902952.9013235569
549395578.1088528633
795937755.1450033188
717082903.4737426043
719378687.0826956034
542656839.8158086538
424029806.6233397722
797736187.5921853781
558197160.0042307377
724734425.3009099960
754150437.5302416086
615941497.8415007591
716067926.3575503826
534217344.6690218449
564436468.7548154593
679469963.9184056520
775793904.9370392561
656572093.5226712227
794927297.6115393639
791157593.1777395010
732165121.1146541834
641566624.3368926048
725193576.7301418781
435104793.8044907451
666393737.6914519072
710288817.9963896275
777655437.0693222284
405585736.7985697985
741024342.5147032738
444615078.7553740144
715816102.9212319851
786155651.4639962912
654472041.1059912443
639319738.6264197826
616353893.9037874937
787899473.0288637877
596846824.3833327293
505572387.6551796794
710093963.1728378534
496508894.4405026436
741503918.0295951366
762354938.1165297031
708313605.1639722586
575033873.0015292168
468256288.5883616805
785805099.4774072170
591771915.0957231522
688920904.7418423891
754898322.3359661102
796643833.9950314760
523208178.6525581479
675253510.5997664928
792798120.5943717957
486406560.6368660331
748349299.1815078259
677093799.4816015959
630008619.3179780245
771647126.4099931717
711344715.4051499367
755148095.1748946905
593286471.3189495802
711461346.5870990753
567029202.9041703939
487475255.3068342805
771480503.9948221445
752411668.7665175200
669510108.1936962605
796911491.8224961758
796624624.6346985102
713665659.9284515381
631443940.3773882389
692350188.3249279261
597357601.4367287159
793566153.3459235430
456237161.3448007703
423733104.5332315564
478659685.4268503785
436513888.8315364122
797542913.7486394644
423937734.5071096420
533115912.8240838647
457424394.7768055201
751001112.8739103079
510496149.1693136692
414054725.4966682196
431749371.5854724646
724187331.5192626715
517154625.1278448701
458585078.1904657483
508447624.4742500782
743964128.9336570501
783009909.3055478334
698282784.9785912037
500831521.0058957338
710358921.5146788359
608335042.2643775940
475200374.8664703965
674242796.4005399942
407281148.9024645686
794023991.0413216352
564509800.6460824013
745743078.9877490997
439237678.6451715231
795732971.1022918224
465642923.5998623967
771949572.7735059261
784067234.8459389210
458502360.8975848556
776767461.8819446564
740590438.0037964582
674546907.3343176842
789663497.9138457775
694430764.3867931366
796720788.1231166124
589736804.7837289572
747157256.9448738098
787955284.6864190102
681079833.6741629839
779394987.4232529402
502835167.7783935666
649007570.8373135328
663574248.3759750128
422970357.9688999653
411499685.1207851171
764791532.8621363640
685355312.8648760319
446917576.2696696520
797650307.8247784376
538488393.9404995441
689938377.4138778448
492949306.9907593727
796330811.4483270645
617787998.0367044210
792445601.1087661982
792944030.0713794231
718262150.5330816507
447611548.8925322294
794733333.6899783611
752553642.1553008556
769085209.1588376760
783855404.9529414177
564028832.5227344036
622495493.2130055428
693054458.8230253458
712425332.8865649700
435241453.5672693253
794621112.0821911097
562918043.7928490639
644287938.3319780827
450124776.2210680246
790904352.3766673803
761028544.0212850571
430949756.3837426305
490080640.1806652546
505245781.2890157700
795588967.0754652023
794381079.3913177252
722954825.0696072578
692566601.6620613337
634172695.1041043997
674799447.7617269754
557572862.7667895555
733268655.9406276941
733447197.1442151070
760944923.0732408762
689694186.1267051697
788617428.2346847057
538758121.0440750122
570796828.3557602167
758359814.2679467201
752356298.0717594624
779592398.3888050318
740370650.1467887163
534492155.0537766218
412526543.8547032475
544443828.8152099848
640419797.3594404459
691659604.9900511503
783611539.4986596107
740347643.7085317373
781189435.6367280483
797600536.5590072870
479665131.2803336978
716272266.1516369581
534914068.3767290115
796747971.2689894438
639436637.8508491516
508870251.9373838902
529102002.7643013000
666111657.7050013542
629659821.0048536062
661277568.0048264265
619873983.3007855415
790726948.1125605106
796685907.8613079786
655666244.2539734840
405966573.2604295611
537690391.7207841873
592968783.4152500629
786888866.4629400969
797164258.3716310263
783795560.8472669125
698150390.7392488718
772932726.9876620770
665637334.2590687275
520583086.7152352333
735881604.4117391109
785581601.5332922935
571005938.5991586447
399496904.8283355236
777707854.6409361362
753132220.4914411306
764831016.8604384661
787090262.4789655209
796502204.9715356827
770345422.6437902451
785460136.4161339998
717844303.9502011538
662248300.5164453983
712182750.5197199583
769377304.1047054529
732548464.5883791447
486247519.2933626175
607773183.4713708162
775005518.1796759367
442901557.1845544577
624958095.4307206869
482303427.0442625880
412767333.7834408283
450689734.0231654048
661258719.4333564043
733445113.3088818789
774419046.5615864992
792282801.2925299406
797191973.0770150423
737485058.4351216555
600701233.2181483507
797961211.5413609743
797935958.3635065556
748074201.4635702372
517392411.7135012746
703316108.4550832510
795946722.0547164679
783308042.2940350771
724541549.1781604290
617407980.9678187370
743458904.7235202789
603578145.8894510269
712353480.9738992453
676318090.3661477566
736384052.6826771498
795494989.6333801746
742688205.3901194334
764614255.9756392241
696387504.6482177973
779557713.1571116447
492527810.1936430931
756633753.6649836302
555401083.0634582043
797960400.0054395199
p = 
(-9988.0000000000, -9999.0000000000)
(9985.0000000000, -9999.0000000000)
(9985.0000000000, 9977.0000000000)
(-9988.0000000000, 9977.0000000000)

