1000
28 20
3 19
5 17
8 20
2 17
7 23
2 11
18 28
21 1
23 11
29 15
28 9
26 10
16 19
22 12
22 16
2 11
21 2
7 29
20 21
12 6
27 9
27 24
6 20
11 22
30 16
2 20
3 6
25 12
23 7
21 27
27 13
4 18
28 19
20 18
7 11
10 21
16 24
5 22
13 19
10 20
25 11
11 5
25 18
15 10
3 20
10 21
2 4
19 12
15 6
21 14
18 21
12 3
21 28
22 23
27 11
28 9
10 27
2 27
19 30
9 11
28 21
4 9
19 11
7 19
20 13
26 22
10 19
13 9
25 8
1 28
23 16
12 9
14 20
29 9
16 17
3 19
19 6
14 20
30 22
21 28
6 20
17 29
1 27
1 8
5 8
23 18
12 9
8 2
28 22
4 25
10 8
16 13
14 24
17 22
4 23
3 4
8 25
20 8
18 17
18 20
9 22
5 30
12 11
21 3
1 5
30 7
9 3
27 19
29 26
23 3
19 23
13 18
8 5
9 27
17 22
23 1
27 21
16 10
10 7
5 7
16 12
4 8
22 13
9 5
30 26
15 8
24 22
7 13
4 17
20 25
24 8
29 5
28 24
26 19
24 23
14 12
14 16
11 28
21 14
8 12
17 13
15 3
3 27
17 13
9 23
19 27
30 1
19 13
30 1
2 3
12 13
27 9
11 18
15 28
17 20
11 19
10 15
26 4
29 13
29 11
10 2
18 30
6 1
2 4
10 1
21 6
4 5
22 15
12 11
26 29
8 9
19 2
3 27
27 10
26 8
22 15
26 1
16 20
11 20
18 24
12 27
12 7
26 21
24 24
28 28
14 4
10 10
14 3
6 6
26 8
18 13
12 29
10 25
27 11
14 29
16 20
11 10
23 11
17 9
24 1
16 13
10 28
26 25
24 22
3 26
13 2
1 9
30 21
26 10
2 19
28 8
8 7
6 2
22 5
5 7
18 17
28 26
1 28
20 4
16 17
19 29
12 22
20 2
20 24
2 30
9 21
20 2
9 26
11 6
23 13
23 17
27 3
6 29
7 15
27 26
7 8
4 4
8 22
8 5
20 1
5 22
24 1
20 18
11 24
1 20
1 11
1 30
5 18
22 23
11 22
8 1
12 12
28 26
16 10
25 8
27 19
10 26
5 30
6 9
26 5
2 5
20 8
11 8
3 14
5 18
12 12
20 27
15 10
21 25
3 21
30 29
28 17
10 19
30 5
26 18
18 20
20 13
18 11
19 30
29 9
15 9
29 12
16 24
11 18
6 15
27 10
14 12
26 22
10 16
29 6
23 8
8 27
5 10
10 5
24 12
10 12
19 12
19 26
26 3
18 8
6 18
27 28
20 3
27 17
23 9
12 11
14 11
10 8
30 25
26 9
11 15
26 7
5 15
15 19
25 9
5 9
23 4
20 28
22 4
10 19
22 20
16 17
30 19
8 26
27 22
22 14
19 2
29 19
16 22
17 7
4 22
3 16
13 15
24 13
25 21
18 2
8 26
27 27
7 6
28 21
3 12
26 30
14 19
22 22
4 13
25 12
4 2
30 18
21 16
28 28
10 27
8 24
17 7
16 26
12 14
20 12
11 25
12 11
15 15
5 1
20 14
15 25
4 19
28 22
22 7
5 14
10 22
23 6
28 16
11 2
8 7
20 25
26 8
29 21
20 19
1 2
12 8
19 10
9 3
13 25
26 13
5 10
10 25
16 9
8 23
27 21
29 28
10 26
10 18
24 1
16 22
5 6
29 10
29 17
9 24
10 1
23 25
7 17
7 14
5 22
12 24
1 23
7 15
27 2
21 18
25 14
12 23
25 5
26 3
26 2
28 19
24 22
25 20
9 28
7 15
5 1
6 13
14 11
27 28
26 24
18 28
26 5
5 18
3 6
20 13
26 1
26 27
27 30
29 8
4 7
22 27
5 22
30 2
17 17
9 17
2 7
6 7
2 14
4 19
22 4
20 13
7 7
4 19
22 12
10 2
9 8
2 2
13 15
26 19
12 26
27 6
19 1
17 1
8 25
29 4
7 17
4 17
23 9
13 3
6 29
19 28
2 2
1 26
10 1
27 13
8 4
19 12
6 6
7 29
13 28
19 29
18 9
13 1
27 22
22 26
29 28
26 17
2 24
21 20
12 15
11 21
5 16
29 1
25 3
15 20
6 22
18 3
24 28
13 27
17 29
4 29
16 13
27 6
22 12
11 9
30 5
21 19
11 6
7 16
9 7
19 29
19 12
20 5
6 22
30 1
24 16
14 7
25 12
5 20
26 17
21 8
13 15
28 18
4 18
12 11
5 12
12 1
12 9
6 25
20 14
16 26
14 1
13 22
25 16
24 3
1 10
20 24
28 21
26 17
6 2
8 16
12 8
17 19
15 1
3 9
9 16
29 21
16 5
7 12
18 27
17 7
30 19
23 28
6 21
15 3
3 21
17 27
28 25
12 30
10 7
26 4
4 24
24 13
14 3
13 4
14 30
7 5
25 12
6 30
4 23
5 20
20 21
26 25
1 18
2 27
5 25
24 4
3 23
29 5
24 4
6 22
24 9
5 23
12 9
30 8
28 29
19 15
22 6
8 13
15 14
18 29
20 21
2 20
6 19
30 24
20 22
10 9
5 29
21 17
17 17
15 27
23 24
12 29
21 29
25 8
24 8
14 25
18 10
20 25
6 5
21 21
19 30
24 26
22 13
16 25
28 30
22 19
9 15
10 18
24 11
23 5
17 1
2 6
28 1
11 21
27 24
15 30
12 18
8 16
6 28
19 13
24 7
8 16
18 23
12 19
22 15
8 10
25 2
25 13
20 6
8 9
3 3
8 29
5 11
6 15
15 24
18 30
21 10
1 18
10 23
1 7
24 16
1 29
28 19
1 15
6 24
25 15
15 21
26 10
21 26
4 26
29 21
15 27
12 14
25 5
26 25
16 5
24 17
10 16
13 29
26 25
21 11
12 9
25 18
7 26
19 11
2 6
14 4
11 11
15 19
18 24
9 14
13 7
27 8
10 30
10 17
22 27
19 30
21 10
29 3
20 21
4 18
6 30
4 17
10 24
6 13
5 5
21 28
7 15
15 16
26 6
20 17
4 22
8 21
2 6
22 23
21 5
24 22
4 18
1 8
13 9
20 21
7 12
7 2
27 21
4 25
4 28
29 22
19 23
14 10
25 23
1 2
12 7
3 22
14 2
8 28
20 16
10 22
13 28
11 27
8 8
29 3
4 27
10 7
2 9
6 9
23 24
11 29
21 23
24 9
9 1
21 5
19 25
5 29
6 12
25 23
24 10
1 27
8 28
17 25
1 24
25 15
27 15
4 3
10 13
29 18
17 12
22 2
23 26
4 6
25 11
20 22
14 4
2 15
24 23
21 6
9 18
22 29
11 12
14 19
5 28
16 16
30 30
19 7
6 3
7 13
12 6
18 1
27 23
8 13
30 10
11 30
23 6
15 28
14 4
11 4
21 11
7 7
3 27
18 28
9 20
7 12
22 20
8 6
2 8
6 20
28 1
12 3
18 22
10 9
12 2
11 4
16 25
14 27
27 27
29 26
22 28
28 7
6 5
6 11
25 4
5 13
22 15
26 10
6 5
19 9
17 29
7 28
21 27
30 22
28 21
5 15
14 23
14 22
9 20
20 20
26 28
21 19
5 24
12 10
15 2
10 24
21 25
2 20
16 26
10 26
1 6
23 17
5 1
3 11
1 2
7 24
3 16
28 8
7 11
5 25
29 2
2 19
18 22
15 16
11 19
28 29
13 28
5 30
24 10
6 20
21 16
23 11
10 4
16 7
8 18
2 1
5 14
18 3
13 22
8 16
9 15
10 15
14 18
2 18
7 7
4 1
21 24
25 24
14 11
19 22
29 29
3 3
18 4
16 11
28 18
25 28
13 21
30 26
5 16
28 17
12 3
23 25
23 17
8 28
24 5
22 25
12 26
16 8
21 2
6 12
3 10
17 11
27 20
14 20
18 4
17 22
25 6
28 11
9 26
18 11
11 27
10 2
2 9
30 12
12 30
16 7
2 10
5 17
26 2
21 24
15 22
3 15
13 3
16 4
8 26
2 16
15 19
26 18
5 1
21 29
27 21
23 13
5 11
29 21
18 13
12 19
2 12
13 18
18 10
19 30
15 18
1 8
10 26
21 2
16 30
5 27
12 20
17 28
15 7
5 15
29 27
18 3
19 29
24 18
24 15
19 11
5 7
30 23
24 18
3 14
6 5
8 27
22 24
12 22
4 17
30 23
6 18
9 6
27 10
1 2
27 1
25 16
7 12
21 7
22 24
11 22
22 3
3 23
6 23
27 17
1 29
22 29
2 27
25 12
24 13
5 12
16 30
25 24
16 18
25 22
19 11
23 19
22 17
8 24
9 14
17 23
6 8
17 10
17 15
11 16
30 6
22 11
1 28
24 19
11 7
13 4
14 11
16 2
1 13
9 4
14 11
4 17
26 13
