5
0
0
1
0
0
0
1
20
2
1
3
5
0
3
2
0
10
0
0
11
26
3
0
5
3
0
1
2
3
2
2
0
1
2
0
0
5
0
0
4
2
2
1
7
0
0
0
1
7
10
2
11
5
0
2
3
0
0
0
0
9
0
1
0
1
2
0
1
3
0
1
3
1
3
0
0
3
1
2
5
0
0
0
0
0
1
3
7
2
0
2
1
1
0
0
0
0
9
1
1
0
0
1
20
0
4
8
1
1
7
0
0
1
2
0
22
3
3
1
0
5
1
1
1
2
1
2
0
0
3
23
5
4
1
1
2
1
0
10
2
1
14
0
1
0
0
29
1
29
0
0
26
0
0
0
0
3
12
2
2
9
3
5
0
9
10
0
1
1
0
0
9
0
2
6
1
25
3
0
4
1
1
1
23
27
6
9
4
5
6
1
0
1
2
0
3
1
2
1
23
1
0
1
2
0
6
0
4
5
0
13
1
5
4
0
1
2
0
19
0
0
1
19
3
0
1
19
0
1
1
1
26
0
0
1
0
3
0
1
19
0
23
2
0
0
0
0
0
0
5
7
11
2
3
3
1
0
0
1
5
0
9
1
0
0
11
0
7
0
0
1
1
0
29
2
1
1
1
0
3
4
2
5
0
1
2
2
2
1
4
2
0
2
9
23
1
1
0
8
4
1
0
6
1
2
1
1
2
5
2
0
3
1
0
2
0
5
2
10
0
2
0
1
0
1
3
9
1
1
2
0
0
0
1
1
17
0
26
1
9
0
1
0
21
0
2
3
9
1
27
0
2
2
1
1
6
0
1
14
4
2
2
0
2
3
0
0
3
6
5
1
3
6
1
1
0
5
1
8
0
25
2
1
1
0
3
1
0
1
23
1
0
2
1
1
9
0
0
3
0
5
0
0
13
3
1
0
24
8
25
1
2
6
0
0
4
0
1
0
2
1
5
0
1
1
25
0
2
3
0
0
0
29
16
0
0
0
0
0
10
1
6
0
3
9
1
1
0
1
0
13
18
16
0
7
0
0
2
4
0
0
1
0
9
2
7
1
5
0
0
0
17
12
1
1
1
1
0
1
2
0
0
28
8
3
0
17
3
0
0
0
1
13
3
1
29
1
1
0
1
0
1
19
0
29
11
13
2
1
1
2
0
3
0
1
0
11
3
0
2
1
13
0
1
23
0
3
9
1
5
3
5
0
14
0
0
1
3
0
5
2
1
0
0
14
0
0
1
2
1
12
0
1
4
3
0
1
2
1
0
1
0
1
0
0
0
23
0
5
23
0
7
0
3
7
0
1
7
0
1
0
0
0
0
7
1
1
0
1
16
1
0
0
0
3
23
0
3
3
1
20
0
1
1
0
1
1
1
1
2
4
16
0
27
0
3
7
3
3
0
1
3
3
0
0
1
1
12
1
6
0
2
0
0
1
1
3
2
0
0
0
11
0
1
0
1
8
2
5
0
0
1
1
1
24
1
3
1
1
0
1
1
3
1
0
1
0
6
10
0
4
0
1
3
3
0
0
0
2
9
0
0
1
0
0
0
4
5
0
0
8
1
0
0
0
0
4
2
0
0
1
0
0
3
3
0
0
1
0
2
1
0
1
0
13
1
4
0
0
0
7
9
0
1
0
1
0
0
0
7
8
4
0
0
2
1
4
0
1
0
0
8
5
1
0
1
1
21
0
1
2
1
6
0
1
10
4
0
0
0
0
15
29
2
5
0
11
17
1
0
29
0
3
0
6
2
1
6
0
1
0
0
2
2
0
0
27
11
1
1
11
2
0
0
26
1
1
27
1
0
6
0
1
5
1
2
0
1
2
2
9
1
0
1
0
19
1
1
0
2
7
0
0
0
1
0
0
