457 242 337
cbbcccbacbdabbaaacabccadabcdbaddccadaadcadcdbcacccdbcdbccaadadcacccbabbdaddaddbacbbccabdddcddbaccbadcacddbcdacadcdadbaadabcdbaaddbcadabdabbadbcdabcbdcdabbaabcddbabccaaadadbbcdcdbcaabcbcbadbdaabcacdbdccbbdbccddaaccdbcbbdcdbcacbcbbdddddbbacacdaccacabbcccdabcaacdaadbaabdbbbccbdbdabbdcabaacbddbdcbadcddcddabbddccddcccbadbbdadacbabcddbdaaaadbaacdccddbcddccabdaacbabdadacdcbdcbcdcdddddddcbdadbcaadabdbbcccadbaadddbadddccacaadcbdcdcbcddbccbdbaccccaccbbbcbaabdacdb
bcbacacdcdcdcaacdddacbbdaddddabadddbaabadbbbbabcdaacbdcbdacbcbabddabbabccaddbaacccacadabbacacccdccddbbbbdacacdddbcbcccdbbaacabaddbabadcbbaccdcbaddabcddbbccabcdccdbacacdbacdaabccabacddabbadcadccdacdacbcabddccdabbbcddadbcdcbaadcdadcbacacabdcbdb
48 397 35 88
80 286 24 148
151 180 195 234
12 167 237 239
334 405 113 241
17 146 22 44
159 281 170 240
264 313 204 206
129 199 206 233
352 379 55 226
100 183 94 155
355 457 198 214
386 435 132 134
31 305 177 205
435 452 22 141
304 330 214 225
125 354 149 168
420 447 33 208
450 454 162 165
234 427 98 201
35 104 207 210
104 175 108 231
418 424 103 237
82 343 42 110
63 240 146 211
351 366 6 157
265 452 11 175
83 310 80 175
365 408 180 198
187 365 27 228
228 228 213 216
184 361 51 103
250 430 225 231
45 200 161 162
455 457 163 178
119 247 144 163
140 345 222 222
219 242 112 136
75 431 143 237
241 343 132 135
432 449 182 225
365 368 30 124
151 163 161 200
98 182 66 99
16 406 172 220
245 411 175 196
316 399 218 234
117 382 157 221
3 227 102 198
423 452 71 229
316 415 23 210
322 437 3 242
64 211 85 132
58 359 131 147
375 409 154 210
401 445 206 208
239 244 81 103
419 419 19 178
456 457 139 161
215 380 224 226
440 452 172 197
72 349 82 95
182 242 205 211
397 441 59 85
405 447 222 224
381 405 203 225
306 327 114 160
433 454 99 184
25 224 229 237
101 415 121 130
212 315 186 240
78 442 128 159
4 343 105 177
382 421 30 132
436 445 9 25
264 431 170 225
154 373 21 212
328 379 182 210
183 387 172 210
64 213 101 178
401 423 242 242
253 273 168 179
29 248 163 166
91 266 233 236
49 335 202 228
7 129 114 150
244 401 59 191
333 377 34 167
245 396 173 206
157 451 78 219
100 302 46 69
252 254 215 238
15 190 240 242
28 97 85 105
81 154 30 165
258 300 164 177
135 289 10 168
211 294 89 212
77 383 57 158
221 411 206 231
257 259 183 207
321 426 105 241
112 367 178 210
249 291 130 200
357 395 9 226
272 308 179 209
247 385 31 93
243 325 2 106
124 333 170 223
274 378 53 186
158 408 55 237
195 277 130 241
189 333 241 241
157 195 203 230
231 313 23 227
224 321 198 224
3 378 124 135
293 417 16 144
52 431 92 110
402 454 177 189
13 448 19 220
407 420 4 229
382 404 219 232
24 57 79 200
204 387 217 218
429 434 153 227
291 383 150 211
413 448 187 190
51 115 148 158
105 276 61 182
92 266 213 239
207 293 2 146
151 251 29 69
5 174 73 87
124 283 171 232
186 292 120 176
142 414 211 221
378 429 196 234
239 260 158 175
168 453 230 230
101 363 1 107
91 127 155 215
433 454 132 184
50 399 111 158
285 383 14 37
132 165 207 215
446 448 136 152
326 342 46 130
2 302 214 214
278 431 157 170
326 330 38 131
16 339 54 213
413 415 134 147
453 455 112 132
54 77 165 165
43 297 180 195
242 364 98 99
221 359 187 201
365 434 151 208
217 408 6 192
370 422 164 184
304 411 71 84
280 355 153 229
447 450 162 177
237 325 126 241
54 111 182 189
67 311 194 220
424 442 220 221
196 406 134 204
274 411 141 167
106 427 221 242
276 341 52 127
253 276 89 128
117 426 69 209
396 411 56 127
353 446 157 204
122 362 112 121
145 314 45 196
51 339 74 195
49 333 143 227
86 126 229 230
301 341 222 238
399 402 50 204
180 280 220 224
45 230 199 217
103 280 177 217
336 383 195 205
204 296 6 7
295 405 56 116
210 284 164 174
123 136 100 149
134 253 165 197
126 449 132 179
295 299 164 179
20 158 93 129
293 442 6 63
152 307 222 241
133 209 27 65
109 214 222 223
268 406 66 80
134 412 86 241
272 332 218 225
308 409 145 165
44 283 71 100
212 425 149 172
82 398 106 154
290 362 155 219
305 388 199 235
291 390 89 191
285 415 237 238
325 340 163 224
306 317 5 23
323 390 14 63
142 347 224 240
139 233 121 140
149 321 82 102
121 271 183 240
34 373 49 99
127 415 93 209
75 149 234 241
425 433 84 201
27 249 123 149
315 363 76 221
392 404 148 225
215 339 137 148
271 360 69 178
105 293 184 206
415 422 110 126
429 440 236 240
192 372 139 167
457 457 167 188
429 451 203 238
283 303 63 174
61 163 63 64
135 331 190 234
264 266 5 27
283 411 210 240
415 450 124 238
289 289 189 233
2 417 206 222
316 444 8 11
452 455 52 241
133 266 19 70
246 272 128 129
350 376 156 175
267 435 171 212
374 398 33 114
84 421 79 132
242 411 1 53
158 291 205 224
68 212 235 239
139 235 222 238
380 426 230 239
191 271 36 45
183 193 146 226
386 393 173 203
71 192 13 48
161 407 205 233
65 209 27 148
63 306 210 216
8 262 154 240
92 289 15 188
449 450 36 110
402 414 58 75
214 439 122 193
444 444 122 214
72 364 100 176
237 277 100 240
15 163 188 201
398 411 30 110
224 231 157 189
112 126 221 224
355 377 158 231
3 291 211 237
195 304 80 187
292 347 106 151
120 381 219 228
26 36 234 238
64 143 142 217
22 91 129 240
200 250 113 218
157 317 198 242
83 172 223 238
195 386 129 232
396 440 124 208
198 329 48 207
92 254 9 71
81 444 176 239
287 320 41 72
298 315 145 228
68 142 118 180
161 334 1 31
402 406 207 229
224 234 194 225
421 436 182 220
228 290 182 235
33 428 216 221
401 439 228 229
154 267 204 237
357 411 153 197
141 335 85 86
65 428 23 109
314 328 76 76
436 448 226 229
191 310 198 208
346 435 168 202
74 112 216 232
398 418 179 234
34 406 201 240
455 455 50 121
397 430 207 226
312 347 161 200
314 454 65 233
294 343 112 164
87 180 241 242
445 447 12 177
178 200 214 237
317 355 189 209
355 429 225 237
97 439 7 79
369 407 141 178
134 297 30 54
262 413 200 239
38 230 101 175
153 171 30 104
446 450 44 77
277 361 14 87
293 339 160 192
67 411 123 168
315 439 239 239
410 424 45 211
11 388 50 223
157 249 194 219
131 137 67 120
225 455 172 212
195 233 200 215
37 142 201 206
