1
63
961 983
40 851
310 986
678 807
520 745
739 837
884 909
753 814
624 941
438 484
128 984
855 956
344 470
409 943
187 761
23 351
183 622
899 970
942 950
771 961
959 1000
321 864
745 769
723 728
841 942
632 856
815 842
282 426
700 842
429 837
109 660
867 986
838 876
174 512
504 705
195 731
282 711
955 956
132 420
306 526
431 620
493 533
179 838
994 995
494 715
712 806
765 988
815 841
307 775
754 882
511 750
627 659
573 667
19 434
600 713
359 864
113 517
462 617
416 943
208 814
330 989
415 637
110 326
