2000
1 2
2 3
3 4
3 5
5 6
6 7
2 8
6 9
6 10
6 11
8 12
11 13
12 14
1 15
10 16
13 17
13 18
18 19
14 20
12 21
11 22
8 23
17 24
19 25
6 26
22 27
3 28
19 29
17 30
7 31
5 32
1 33
16 34
26 35
2 36
13 37
27 38
32 39
29 40
1 41
2 42
5 43
27 44
8 45
36 46
45 47
26 48
36 49
19 50
13 51
15 52
17 53
24 54
26 55
24 56
37 57
5 58
22 59
34 60
27 61
18 62
54 63
21 64
22 65
21 66
64 67
67 68
12 69
45 70
56 71
8 72
24 73
66 74
74 75
42 76
31 77
58 78
43 79
17 80
17 81
74 82
42 83
23 84
40 85
56 86
47 87
49 88
41 89
64 90
39 91
38 92
52 93
37 94
44 95
13 96
96 97
4 98
29 99
5 100
54 101
67 102
74 103
75 104
79 105
65 106
85 107
103 108
67 109
40 110
50 111
13 112
80 113
10 114
61 115
105 116
46 117
67 118
117 119
45 120
83 121
32 122
33 123
85 124
17 125
54 126
93 127
57 128
85 129
72 130
111 131
55 132
68 133
75 134
81 135
104 136
46 137
9 138
51 139
86 140
140 141
137 142
51 143
91 144
18 145
125 146
118 147
4 148
40 149
47 150
44 151
125 152
112 153
47 154
53 155
150 156
149 157
20 158
95 159
34 160
12 161
150 162
129 163
29 164
103 165
86 166
55 167
46 168
7 169
150 170
5 171
82 172
23 173
172 174
12 175
62 176
19 177
53 178
125 179
10 180
119 181
110 182
39 183
154 184
25 185
166 186
185 187
157 188
160 189
118 190
173 191
65 192
166 193
97 194
12 195
56 196
102 197
194 198
164 199
98 200
176 201
57 202
91 203
174 204
31 205
109 206
121 207
124 208
132 209
188 210
184 211
185 212
124 213
197 214
5 215
119 216
170 217
112 218
29 219
217 220
147 221
59 222
219 223
128 224
129 225
98 226
139 227
139 228
55 229
111 230
210 231
36 232
177 233
52 234
198 235
170 236
147 237
104 238
144 239
130 240
22 241
18 242
48 243
69 244
189 245
116 246
167 247
111 248
111 249
216 250
163 251
50 252
69 253
71 254
214 255
218 256
161 257
177 258
225 259
191 260
242 261
24 262
97 263
95 264
22 265
254 266
138 267
104 268
249 269
48 270
206 271
126 272
221 273
127 274
85 275
67 276
102 277
28 278
123 279
24 280
181 281
239 282
170 283
109 284
110 285
133 286
43 287
9 288
258 289
41 290
104 291
256 292
238 293
94 294
186 295
261 296
263 297
58 298
13 299
54 300
147 301
296 302
284 303
62 304
150 305
11 306
29 307
98 308
89 309
22 310
69 311
177 312
298 313
299 314
308 315
141 316
30 317
168 318
244 319
152 320
99 321
321 322
142 323
34 324
284 325
269 326
106 327
169 328
49 329
49 330
164 331
169 332
243 333
5 334
131 335
275 336
287 337
116 338
116 339
106 340
97 341
82 342
289 343
107 344
229 345
34 346
160 347
301 348
72 349
80 350
96 351
101 352
314 353
225 354
167 355
11 356
130 357
166 358
90 359
128 360
37 361
190 362
330 363
291 364
149 365
195 366
180 367
148 368
162 369
36 370
72 371
22 372
306 373
157 374
196 375
164 376
58 377
201 378
229 379
219 380
276 381
293 382
305 383
298 384
91 385
273 386
299 387
243 388
357 389
124 390
141 391
263 392
178 393
217 394
343 395
204 396
144 397
184 398
112 399
137 400
332 401
289 402
140 403
7 404
99 405
239 406
268 407
333 408
373 409
87 410
286 411
148 412
148 413
67 414
69 415
384 416
312 417
80 418
379 419
130 420
152 421
295 422
375 423
328 424
23 425
268 426
78 427
406 428
21 429
309 430
339 431
259 432
96 433
79 434
138 435
311 436
110 437
26 438
157 439
67 440
301 441
69 442
34 443
30 444
370 445
108 446
159 447
310 448
207 449
164 450
251 451
433 452
51 453
409 454
74 455
200 456
38 457
269 458
193 459
428 460
65 461
54 462
5 463
267 464
173 465
198 466
440 467
183 468
176 469
144 470
454 471
51 472
139 473
311 474
395 475
96 476
49 477
264 478
452 479
348 480
105 481
337 482
97 483
255 484
439 485
242 486
369 487
160 488
65 489
275 490
48 491
236 492
423 493
71 494
25 495
226 496
417 497
308 498
170 499
297 500
133 501
134 502
260 503
192 504
206 505
80 506
388 507
420 508
207 509
27 510
329 511
6 512
378 513
427 514
408 515
300 516
221 517
70 518
11 519
475 520
296 521
180 522
95 523
521 524
37 525
249 526
52 527
426 528
176 529
490 530
161 531
509 532
272 533
301 534
40 535
407 536
290 537
222 538
233 539
414 540
208 541
245 542
44 543
241 544
301 545
62 546
179 547
356 548
401 549
114 550
293 551
356 552
307 553
372 554
223 555
547 556
474 557
480 558
529 559
275 560
376 561
130 562
265 563
452 564
116 565
124 566
459 567
555 568
57 569
18 570
375 571
389 572
268 573
427 574
40 575
427 576
59 577
400 578
245 579
85 580
115 581
250 582
580 583
163 584
146 585
536 586
358 587
326 588
421 589
112 590
43 591
399 592
469 593
199 594
29 595
220 596
593 597
151 598
363 599
201 600
121 601
226 602
564 603
321 604
388 605
542 606
372 607
489 608
321 609
571 610
326 611
325 612
8 613
238 614
422 615
67 616
392 617
401 618
337 619
172 620
420 621
349 622
496 623
223 624
617 625
270 626
546 627
175 628
267 629
28 630
628 631
527 632
409 633
171 634
552 635
394 636
145 637
72 638
582 639
612 640
240 641
402 642
128 643
136 644
53 645
79 646
74 647
609 648
193 649
537 650
499 651
472 652
643 653
99 654
120 655
105 656
153 657
112 658
339 659
515 660
292 661
173 662
140 663
451 664
65 665
305 666
363 667
382 668
627 669
104 670
297 671
128 672
173 673
622 674
318 675
151 676
453 677
288 678
624 679
213 680
353 681
187 682
284 683
461 684
660 685
544 686
15 687
88 688
453 689
307 690
627 691
612 692
85 693
63 694
81 695
389 696
480 697
269 698
276 699
408 700
597 701
319 702
545 703
392 704
115 705
435 706
56 707
114 708
615 709
588 710
222 711
454 712
337 713
551 714
493 715
531 716
122 717
632 718
647 719
235 720
311 721
188 722
370 723
720 724
306 725
471 726
359 727
313 728
440 729
415 730
522 731
556 732
38 733
384 734
533 735
546 736
597 737
693 738
233 739
657 740
669 741
520 742
515 743
130 744
400 745
304 746
462 747
320 748
273 749
302 750
623 751
441 752
684 753
106 754
258 755
744 756
497 757
440 758
608 759
335 760
622 761
564 762
9 763
316 764
545 765
88 766
429 767
123 768
590 769
179 770
592 771
437 772
151 773
130 774
688 775
688 776
265 777
748 778
347 779
193 780
557 781
5 782
247 783
355 784
380 785
553 786
574 787
93 788
311 789
505 790
44 791
225 792
747 793
393 794
268 795
594 796
284 797
715 798
78 799
11 800
427 801
389 802
274 803
368 804
265 805
631 806
788 807
685 808
2 809
4 810
679 811
678 812
748 813
504 814
648 815
588 816
518 817
149 818
676 819
168 820
717 821
393 822
278 823
89 824
210 825
230 826
454 827
295 828
609 829
808 830
10 831
631 832
210 833
638 834
363 835
152 836
291 837
446 838
310 839
285 840
94 841
813 842
38 843
387 844
329 845
521 846
249 847
175 848
586 849
295 850
623 851
433 852
399 853
353 854
710 855
672 856
461 857
757 858
264 859
502 860
165 861
290 862
660 863
227 864
466 865
80 866
183 867
381 868
56 869
193 870
603 871
700 872
574 873
458 874
628 875
690 876
279 877
162 878
376 879
237 880
556 881
473 882
696 883
270 884
439 885
570 886
526 887
770 888
826 889
665 890
257 891
440 892
338 893
734 894
868 895
470 896
298 897
304 898
605 899
409 900
94 901
525 902
329 903
573 904
214 905
750 906
738 907
904 908
532 909
430 910
254 911
526 912
477 913
77 914
322 915
476 916
887 917
786 918
906 919
403 920
573 921
83 922
487 923
353 924
413 925
622 926
169 927
247 928
350 929
684 930
88 931
171 932
931 933
75 934
249 935
134 936
450 937
376 938
119 939
524 940
1 941
77 942
417 943
14 944
619 945
258 946
643 947
600 948
283 949
886 950
105 951
227 952
866 953
474 954
743 955
739 956
678 957
447 958
263 959
364 960
249 961
95 962
32 963
25 964
357 965
246 966
45 967
402 968
478 969
313 970
267 971
735 972
648 973
314 974
275 975
353 976
346 977
208 978
915 979
369 980
229 981
149 982
235 983
388 984
328 985
436 986
901 987
699 988
158 989
196 990
57 991
41 992
241 993
309 994
384 995
891 996
986 997
218 998
831 999
961 1000
375 1001
764 1002
494 1003
109 1004
793 1005
79 1006
481 1007
81 1008
826 1009
790 1010
888 1011
166 1012
275 1013
818 1014
587 1015
704 1016
97 1017
201 1018
388 1019
583 1020
529 1021
7 1022
963 1023
552 1024
73 1025
254 1026
206 1027
793 1028
365 1029
768 1030
139 1031
819 1032
495 1033
465 1034
59 1035
1029 1036
592 1037
189 1038
36 1039
844 1040
7 1041
616 1042
639 1043
167 1044
351 1045
6 1046
548 1047
937 1048
383 1049
78 1050
605 1051
794 1052
851 1053
122 1054
952 1055
828 1056
606 1057
449 1058
505 1059
390 1060
823 1061
441 1062
71 1063
5 1064
1047 1065
822 1066
300 1067
575 1068
652 1069
281 1070
697 1071
63 1072
279 1073
114 1074
257 1075
761 1076
341 1077
965 1078
373 1079
908 1080
729 1081
821 1082
412 1083
1041 1084
545 1085
681 1086
527 1087
93 1088
567 1089
775 1090
727 1091
908 1092
883 1093
331 1094
863 1095
416 1096
615 1097
845 1098
810 1099
151 1100
844 1101
131 1102
360 1103
1011 1104
164 1105
687 1106
103 1107
372 1108
960 1109
1059 1110
971 1111
22 1112
852 1113
562 1114
526 1115
278 1116
858 1117
477 1118
424 1119
1102 1120
1081 1121
247 1122
512 1123
243 1124
366 1125
355 1126
265 1127
821 1128
332 1129
838 1130
788 1131
371 1132
221 1133
150 1134
241 1135
603 1136
790 1137
311 1138
147 1139
482 1140
468 1141
1087 1142
286 1143
437 1144
29 1145
172 1146
826 1147
1005 1148
595 1149
225 1150
806 1151
769 1152
876 1153
411 1154
1000 1155
454 1156
744 1157
750 1158
615 1159
262 1160
689 1161
335 1162
1064 1163
80 1164
461 1165
366 1166
238 1167
1036 1168
750 1169
976 1170
1119 1171
380 1172
295 1173
64 1174
802 1175
72 1176
2 1177
881 1178
318 1179
581 1180
346 1181
1180 1182
1127 1183
1088 1184
813 1185
809 1186
1083 1187
971 1188
205 1189
96 1190
422 1191
662 1192
1120 1193
20 1194
976 1195
147 1196
23 1197
76 1198
151 1199
366 1200
23 1201
760 1202
737 1203
150 1204
1142 1205
647 1206
383 1207
377 1208
423 1209
1024 1210
1198 1211
1123 1212
41 1213
146 1214
98 1215
234 1216
117 1217
1191 1218
658 1219
739 1220
19 1221
33 1222
1121 1223
946 1224
1073 1225
919 1226
182 1227
789 1228
818 1229
475 1230
891 1231
329 1232
3 1233
119 1234
404 1235
1086 1236
534 1237
84 1238
560 1239
1148 1240
662 1241
774 1242
771 1243
497 1244
452 1245
1194 1246
608 1247
446 1248
704 1249
1007 1250
1035 1251
54 1252
1060 1253
136 1254
812 1255
953 1256
63 1257
1031 1258
1135 1259
63 1260
163 1261
107 1262
911 1263
387 1264
548 1265
120 1266
899 1267
20 1268
260 1269
974 1270
647 1271
575 1272
481 1273
774 1274
458 1275
578 1276
562 1277
257 1278
1041 1279
519 1280
19 1281
769 1282
307 1283
1193 1284
257 1285
694 1286
1133 1287
431 1288
1065 1289
659 1290
201 1291
771 1292
3 1293
126 1294
356 1295
371 1296
1046 1297
477 1298
295 1299
710 1300
772 1301
750 1302
72 1303
867 1304
559 1305
232 1306
1238 1307
1252 1308
508 1309
748 1310
404 1311
159 1312
1005 1313
762 1314
554 1315
396 1316
709 1317
304 1318
1000 1319
1154 1320
363 1321
920 1322
723 1323
218 1324
549 1325
65 1326
372 1327
1325 1328
114 1329
467 1330
324 1331
926 1332
412 1333
812 1334
1237 1335
665 1336
655 1337
1168 1338
608 1339
225 1340
635 1341
573 1342
409 1343
571 1344
1307 1345
530 1346
107 1347
103 1348
95 1349
287 1350
208 1351
1000 1352
848 1353
1091 1354
878 1355
1119 1356
865 1357
1102 1358
636 1359
1108 1360
366 1361
416 1362
450 1363
524 1364
316 1365
79 1366
1115 1367
1200 1368
1132 1369
542 1370
202 1371
1224 1372
698 1373
526 1374
1223 1375
1200 1376
59 1377
880 1378
237 1379
1145 1380
1359 1381
921 1382
945 1383
33 1384
801 1385
650 1386
128 1387
1309 1388
999 1389
29 1390
438 1391
288 1392
1145 1393
5 1394
195 1395
1180 1396
328 1397
1296 1398
1398 1399
844 1400
873 1401
167 1402
628 1403
21 1404
598 1405
924 1406
413 1407
224 1408
92 1409
640 1410
631 1411
263 1412
134 1413
713 1414
560 1415
493 1416
315 1417
471 1418
985 1419
160 1420
1254 1421
174 1422
159 1423
644 1424
453 1425
601 1426
1407 1427
490 1428
707 1429
77 1430
188 1431
568 1432
1123 1433
344 1434
665 1435
275 1436
643 1437
116 1438
336 1439
688 1440
845 1441
49 1442
71 1443
74 1444
717 1445
769 1446
686 1447
439 1448
1398 1449
593 1450
422 1451
626 1452
91 1453
839 1454
48 1455
1260 1456
553 1457
1275 1458
847 1459
758 1460
1082 1461
239 1462
273 1463
879 1464
584 1465
1162 1466
1212 1467
3 1468
1413 1469
1083 1470
1387 1471
87 1472
957 1473
964 1474
1017 1475
300 1476
456 1477
761 1478
1006 1479
1301 1480
1279 1481
1058 1482
90 1483
1112 1484
1348 1485
1439 1486
175 1487
27 1488
1068 1489
1419 1490
641 1491
911 1492
724 1493
826 1494
1210 1495
388 1496
621 1497
954 1498
981 1499
985 1500
632 1501
1380 1502
1318 1503
698 1504
1008 1505
863 1506
160 1507
462 1508
987 1509
98 1510
970 1511
808 1512
154 1513
810 1514
67 1515
981 1516
1062 1517
314 1518
1427 1519
920 1520
213 1521
168 1522
909 1523
26 1524
1065 1525
1253 1526
260 1527
589 1528
1358 1529
1207 1530
1438 1531
218 1532
1255 1533
214 1534
1442 1535
608 1536
68 1537
773 1538
215 1539
231 1540
1148 1541
292 1542
553 1543
1495 1544
949 1545
1008 1546
1417 1547
1105 1548
330 1549
1173 1550
695 1551
505 1552
1512 1553
1061 1554
286 1555
402 1556
519 1557
922 1558
862 1559
883 1560
1217 1561
1021 1562
1039 1563
918 1564
1555 1565
299 1566
1167 1567
1453 1568
994 1569
71 1570
864 1571
52 1572
1327 1573
507 1574
721 1575
1477 1576
168 1577
239 1578
1297 1579
102 1580
418 1581
94 1582
1082 1583
681 1584
1528 1585
921 1586
34 1587
1518 1588
244 1589
1498 1590
1480 1591
195 1592
1429 1593
1323 1594
168 1595
522 1596
933 1597
1356 1598
253 1599
988 1600
468 1601
871 1602
289 1603
739 1604
344 1605
385 1606
1553 1607
1428 1608
530 1609
364 1610
1571 1611
1301 1612
1402 1613
109 1614
1212 1615
791 1616
122 1617
895 1618
165 1619
573 1620
1243 1621
1416 1622
864 1623
396 1624
353 1625
136 1626
393 1627
497 1628
43 1629
1014 1630
1122 1631
1148 1632
887 1633
974 1634
78 1635
66 1636
370 1637
803 1638
192 1639
859 1640
649 1641
912 1642
1334 1643
1292 1644
417 1645
144 1646
1607 1647
1146 1648
1256 1649
1332 1650
594 1651
981 1652
1022 1653
199 1654
442 1655
1366 1656
645 1657
584 1658
888 1659
1239 1660
1358 1661
745 1662
575 1663
672 1664
818 1665
1213 1666
1005 1667
1117 1668
1048 1669
338 1670
1119 1671
299 1672
1346 1673
719 1674
1523 1675
218 1676
1533 1677
1638 1678
365 1679
641 1680
275 1681
765 1682
252 1683
736 1684
24 1685
634 1686
1626 1687
571 1688
629 1689
830 1690
529 1691
1001 1692
502 1693
672 1694
788 1695
719 1696
1322 1697
68 1698
1441 1699
973 1700
1481 1701
290 1702
1501 1703
1290 1704
358 1705
1545 1706
489 1707
287 1708
411 1709
369 1710
1517 1711
205 1712
949 1713
508 1714
779 1715
467 1716
1117 1717
1442 1718
551 1719
1345 1720
534 1721
457 1722
1536 1723
1674 1724
304 1725
1308 1726
801 1727
931 1728
1081 1729
784 1730
1526 1731
1609 1732
1664 1733
1444 1734
582 1735
880 1736
1711 1737
903 1738
1570 1739
1610 1740
1190 1741
275 1742
1544 1743
140 1744
622 1745
1170 1746
1702 1747
1138 1748
1087 1749
914 1750
1596 1751
1681 1752
253 1753
896 1754
113 1755
306 1756
9 1757
99 1758
1215 1759
981 1760
394 1761
547 1762
1479 1763
366 1764
1594 1765
1755 1766
1677 1767
1238 1768
1708 1769
22 1770
780 1771
295 1772
1767 1773
939 1774
657 1775
496 1776
902 1777
1718 1778
85 1779
1634 1780
1442 1781
1680 1782
880 1783
1225 1784
345 1785
1331 1786
377 1787
583 1788
893 1789
945 1790
1779 1791
624 1792
302 1793
179 1794
827 1795
506 1796
377 1797
1227 1798
951 1799
1628 1800
1184 1801
613 1802
1242 1803
589 1804
805 1805
407 1806
975 1807
912 1808
712 1809
99 1810
753 1811
1213 1812
1029 1813
859 1814
228 1815
1568 1816
841 1817
385 1818
944 1819
1373 1820
839 1821
1283 1822
1395 1823
1730 1824
965 1825
63 1826
643 1827
1825 1828
1808 1829
1536 1830
1406 1831
377 1832
181 1833
956 1834
367 1835
565 1836
392 1837
106 1838
471 1839
386 1840
661 1841
594 1842
983 1843
1694 1844
686 1845
1223 1846
1195 1847
834 1848
526 1849
1835 1850
1515 1851
1786 1852
152 1853
812 1854
754 1855
1155 1856
188 1857
1318 1858
897 1859
669 1860
32 1861
888 1862
1393 1863
653 1864
1858 1865
1111 1866
1480 1867
349 1868
107 1869
1558 1870
245 1871
1021 1872
184 1873
1350 1874
1149 1875
1803 1876
1319 1877
1645 1878
360 1879
1461 1880
933 1881
985 1882
138 1883
346 1884
809 1885
341 1886
650 1887
1177 1888
1345 1889
1467 1890
640 1891
1040 1892
533 1893
229 1894
953 1895
1784 1896
183 1897
1185 1898
1238 1899
979 1900
402 1901
267 1902
1346 1903
689 1904
694 1905
242 1906
1476 1907
1900 1908
4 1909
217 1910
1390 1911
1675 1912
114 1913
108 1914
1848 1915
14 1916
1790 1917
523 1918
22 1919
1399 1920
1567 1921
177 1922
731 1923
105 1924
931 1925
1096 1926
1510 1927
226 1928
1541 1929
67 1930
1514 1931
453 1932
1315 1933
830 1934
1566 1935
1371 1936
103 1937
1539 1938
1456 1939
1752 1940
362 1941
221 1942
1042 1943
801 1944
581 1945
1098 1946
796 1947
998 1948
1653 1949
1426 1950
106 1951
830 1952
1913 1953
1267 1954
677 1955
765 1956
1693 1957
726 1958
1418 1959
822 1960
1792 1961
163 1962
1822 1963
152 1964
1022 1965
1486 1966
1673 1967
633 1968
576 1969
1217 1970
1800 1971
510 1972
1869 1973
394 1974
1788 1975
428 1976
1942 1977
1701 1978
119 1979
1935 1980
1337 1981
720 1982
1489 1983
389 1984
359 1985
321 1986
632 1987
1747 1988
739 1989
1247 1990
422 1991
1723 1992
1943 1993
475 1994
677 1995
1708 1996
1464 1997
279 1998
272 1999
1569 2000
