1
87
99 59
3 13
83 74
38 48
31 29
95 28
52 84
8 78
2 9
15 30
67 3
14 68
44 36
70 12
97 31
94 24
85 67
76 6
2 78
25 11
19 40
99 73
15 94
18 61
64 91
22 68
82 79
50 21
99 54
62 26
23 92
37 56
35 87
5 63
47 37
56 10
57 68
30 21
100 72
39 95
13 70
17 56
68 80
64 71
36 16
19 38
91 76
88 1
1 87
1 21
88 96
13 57
50 28
91 60
51 80
24 67
30 29
63 33
93 8
41 82
11 73
70 48
6 91
100 49
7 18
3 48
26 77
59 80
54 37
27 98
53 8
52 47
63 60
44 96
29 9
95 79
84 94
7 59
10 88
63 65
90 55
59 16
21 71
53 54
79 20
49 15
98 94
