\7f45 4c46 0201 0100 0000 0000 0000 0000
0300 3e00 0100 0000 2012 0000 0000 0000
4000 0000 0000 0000 e840 0000 0000 0000
0000 0000 4000 3800 0b00 4000 1d00 1c00
0600 0000 0400 0000 4000 0000 0000 0000
4000 0000 0000 0000 4000 0000 0000 0000
6802 0000 0000 0000 6802 0000 0000 0000
0800 0000 0000 0000 0300 0000 0400 0000
a802 0000 0000 0000 a802 0000 0000 0000
a802 0000 0000 0000 1c00 0000 0000 0000
1c00 0000 0000 0000 0100 0000 0000 0000
0100 0000 0400 0000 0000 0000 0000 0000
0000 0000 0000 0000 0000 0000 0000 0000
f80b 0000 0000 0000 f80b 0000 0000 0000
0010 0000 0000 0000 0100 0000 0500 0000
0010 0000 0000 0000 0010 0000 0000 0000
0010 0000 0000 0000 6d0a 0000 0000 0000
6d0a 0000 0000 0000 0010 0000 0000 0000
0100 0000 0400 0000 0020 0000 0000 0000
0020 0000 0000 0000 0020 0000 0000 0000
d803 0000 0000 0000 d803 0000 0000 0000
0010 0000 0000 0000 0100 0000 0600 0000
182d 0000 0000 0000 183d 0000 0000 0000
183d 0000 0000 0000 f802 0000 0000 0000
3845 4900 0000 0000 0010 0000 0000 0000
0200 0000 0600 0000 302d 0000 0000 0000
303d 0000 0000 0000 303d 0000 0000 0000
0002 0000 0000 0000 0002 0000 0000 0000
0800 0000 0000 0000 0400 0000 0400 0000
c402 0000 0000 0000 c402 0000 0000 0000
c402 0000 0000 0000 4400 0000 0000 0000
4400 0000 0000 0000 0400 0000 0000 0000
50e5 7464 0400 0000 0420 0000 0000 0000
0420 0000 0000 0000 0420 0000 0000 0000
9400 0000 0000 0000 9400 0000 0000 0000
0400 0000 0000 0000 51e5 7464 0600 0000
0000 0000 0000 0000 0000 0000 0000 0000
0000 0000 0000 0000 0000 0000 0000 0000
0000 0000 0000 0000 1000 0000 0000 0000
52e5 7464 0400 0000 182d 0000 0000 0000
183d 0000 0000 0000 183d 0000 0000 0000
e802 0000 0000 0000 e802 0000 0000 0000
0100 0000 0000 0000 2f6c 6962 3634 2f6c
642d 6c69 6e75 782d 7838 362d 3634 2e73
6f2e 3200 0400 0000 1400 0000 0300 0000
474e 5500 8192 1da1 1248 4283 9d92 4fe5
e125 d3fd d913 b21e 0400 0000 1000 0000
0100 0000 474e 5500 0000 0000 0300 0000
0200 0000 0000 0000 0300 0000 1700 0000
0100 0000 0600 0000 0000 b102 0100 0400
1700 0000 0000 0000 1900 0000 d065 ce6d
7396 0702 7285 4c1b 1598 0c43 0000 0000
0000 0000 0000 0000 0000 0000 0000 0000
0000 0000 0000 0000 6501 0000 1200 0000
0000 0000 0000 0000 0000 0000 0000 0000
a600 0000 1200 0000 0000 0000 0000 0000
0000 0000 0000 0000 2b01 0000 1200 0000
0000 0000 0000 0000 0000 0000 0000 0000
ef01 0000 1200 0000 0000 0000 0000 0000
0000 0000 0000 0000 9100 0000 1200 0000
0000 0000 0000 0000 0000 0000 0000 0000
9201 0000 1200 0000 0000 0000 0000 0000
0000 0000 0000 0000 8102 0000 1200 0000
0000 0000 0000 0000 0000 0000 0000 0000
2401 0000 1200 0000 0000 0000 0000 0000
0000 0000 0000 0000 a001 0000 1200 0000
0000 0000 0000 0000 0000 0000 0000 0000
3602 0000 1200 0000 0000 0000 0000 0000
0000 0000 0000 0000 7002 0000 1200 0000
0000 0000 0000 0000 0000 0000 0000 0000
7101 0000 1200 0000 0000 0000 0000 0000
0000 0000 0000 0000 be01 0000 1200 0000
0000 0000 0000 0000 0000 0000 0000 0000
4d01 0000 1200 0000 0000 0000 0000 0000
0000 0000 0000 0000 5500 0000 1200 0000
0000 0000 0000 0000 0000 0000 0000 0000
a601 0000 1200 0000 0000 0000 0000 0000
0000 0000 0000 0000 9c00 0000 1200 0000
0000 0000 0000 0000 0000 0000 0000 0000
1f00 0000 2000 0000 0000 0000 0000 0000
0000 0000 0000 0000 9d02 0000 1200 0000
0000 0000 0000 0000 0000 0000 0000 0000
1000 0000 2000 0000 0000 0000 0000 0000
0000 0000 0000 0000 3b00 0000 2000 0000
0000 0000 0000 0000 0000 0000 0000 0000
0c01 0000 1200 0000 0000 0000 0000 0000
0000 0000 0000 0000 8e02 0000 2200 0000
0000 0000 0000 0000 0000 0000 0000 0000
0301 0000 1100 1800 4041 0000 0000 0000
1801 0000 0000 0000 e800 0000 2200 0e00
3017 0000 0000 0000 0300 0000 0000 0000
2c02 0000 1100 1800 2040 0000 0000 0000
1001 0000 0000 0000 006c 6962 7374 6463
2b2b 2e73 6f2e 3600 5f5f 676d 6f6e 5f73
7461 7274 5f5f 005f 4954 4d5f 6465 7265
6769 7374 6572 544d 436c 6f6e 6554 6162
6c65 005f 4954 4d5f 7265 6769 7374 6572
544d 436c 6f6e 6554 6162 6c65 005f 5a53
7472 7349 6353 7431 3163 6861 725f 7472
6169 7473 4963 4545 5253 7431 3362 6173
6963 5f69 7374 7265 616d 4954 5f54 305f
4553 365f 5253 335f 005f 5a4e 5369 7273
4552 6900 5f5a 4e53 6f6c 7345 6900 5f5a
5374 3239 5f52 625f 7472 6565 5f69 6e73
6572 745f 616e 645f 7265 6261 6c61 6e63
6562 5053 7431 385f 5262 5f74 7265 655f
6e6f 6465 5f62 6173 6553 305f 5253 5f00
5f5a 4e4b 5374 3563 7479 7065 4963 4538
646f 5f77 6964 656e 4563 005f 5a53 7433
6369 6e00 5f5a 4e53 7438 696f 735f 6261
7365 3449 6e69 7444 3145 7600 5f5a 646c
5076 005f 5a4e 5374 3869 6f73 5f62 6173
6531 3573 796e 635f 7769 7468 5f73 7464
696f 4562 005f 5a53 7431 365f 5f74 6872
6f77 5f62 6164 5f63 6173 7476 005f 5a4e
536f 3370 7574 4563 005f 5a4e 4b53 7435
6374 7970 6549 6345 3133 5f4d 5f77 6964
656e 5f69 6e69 7445 7600 5f5a 4e53 6f35
666c 7573 6845 7600 5f5a 6e77 6d00 5f5a
4e53 7438 696f 735f 6261 7365 3449 6e69
7443 3145 7600 5f5a 5374 3138 5f52 625f
7472 6565 5f69 6e63 7265 6d65 6e74 504b
5374 3138 5f52 625f 7472 6565 5f6e 6f64
655f 6261 7365 005f 5a53 7432 385f 5262
5f74 7265 655f 7265 6261 6c61 6e63 655f
666f 725f 6572 6173 6550 5374 3138 5f52
625f 7472 6565 5f6e 6f64 655f 6261 7365
5253 5f00 5f5a 5374 3463 6f75 7400 5f5a
5374 3138 5f52 625f 7472 6565 5f64 6563
7265 6d65 6e74 5053 7431 385f 5262 5f74
7265 655f 6e6f 6465 5f62 6173 6500 6c69
6263 2e73 6f2e 3600 5f5f 7374 6163 6b5f
6368 6b5f 6661 696c 005f 5f63 7861 5f61
7465 7869 7400 5f5f 6378 615f 6669 6e61
6c69 7a65 005f 5f6c 6962 635f 7374 6172
745f 6d61 696e 0047 4c49 4243 5f32 2e34
0047 4c49 4243 5f32 2e32 2e35 0047 4c49
4243 5858 5f33 2e34 2e31 3100 474c 4942
4358 585f 332e 3400 0000 0200 0200 0200
0200 0200 0200 0300 0200 0200 0200 0400
0500 0200 0200 0200 0200 0200 0000 0300
0000 0000 0200 0300 0200 0100 0200 0000
0100 0200 6602 0000 1000 0000 3000 0000
1469 690d 0000 0400 af02 0000 1000 0000
751a 6909 0000 0300 b902 0000 0000 0000
0100 0200 0100 0000 1000 0000 0000 0000
61f8 9702 0000 0500 c502 0000 1000 0000
7429 9208 0000 0200 d402 0000 0000 0000
183d 0000 0000 0000 0800 0000 0000 0000
0013 0000 0000 0000 203d 0000 0000 0000
0800 0000 0000 0000 a011 0000 0000 0000
283d 0000 0000 0000 0800 0000 0000 0000
c012 0000 0000 0000 0840 0000 0000 0000
0800 0000 0000 0000 0840 0000 0000 0000
d03f 0000 0000 0000 0600 0000 1700 0000
0000 0000 0000 0000 d83f 0000 0000 0000
0600 0000 1200 0000 0000 0000 0000 0000
e03f 0000 0000 0000 0600 0000 1300 0000
0000 0000 0000 0000 e83f 0000 0000 0000
0600 0000 1400 0000 0000 0000 0000 0000
f03f 0000 0000 0000 0600 0000 1500 0000
0000 0000 0000 0000 f83f 0000 0000 0000
0600 0000 1600 0000 0000 0000 0000 0000
2040 0000 0000 0000 0500 0000 1a00 0000
0000 0000 0000 0000 4041 0000 0000 0000
0500 0000 1800 0000 0000 0000 0000 0000
483f 0000 0000 0000 0700 0000 0100 0000
0000 0000 0000 0000 503f 0000 0000 0000
0700 0000 0200 0000 0000 0000 0000 0000
583f 0000 0000 0000 0700 0000 0300 0000
0000 0000 0000 0000 603f 0000 0000 0000
0700 0000 0400 0000 0000 0000 0000 0000
683f 0000 0000 0000 0700 0000 0500 0000
0000 0000 0000 0000 703f 0000 0000 0000
0700 0000 0600 0000 0000 0000 0000 0000
783f 0000 0000 0000 0700 0000 0700 0000
0000 0000 0000 0000 803f 0000 0000 0000
0700 0000 0800 0000 0000 0000 0000 0000
883f 0000 0000 0000 0700 0000 0900 0000
0000 0000 0000 0000 903f 0000 0000 0000
0700 0000 0a00 0000 0000 0000 0000 0000
983f 0000 0000 0000 0700 0000 0b00 0000
0000 0000 0000 0000 a03f 0000 0000 0000
0700 0000 0c00 0000 0000 0000 0000 0000
a83f 0000 0000 0000 0700 0000 0d00 0000
0000 0000 0000 0000 b03f 0000 0000 0000
0700 0000 0e00 0000 0000 0000 0000 0000
b83f 0000 0000 0000 0700 0000 0f00 0000
0000 0000 0000 0000 c03f 0000 0000 0000
0700 0000 1000 0000 0000 0000 0000 0000
c83f 0000 0000 0000 0700 0000 1100 0000
0000 0000 0000 0000 0000 0000 0000 0000
0000 0000 0000 0000 0000 0000 0000 0000
0000 0000 0000 0000 0000 0000 0000 0000
0000 0000 0000 0000 0000 0000 0000 0000
0000 0000 0000 0000 0000 0000 0000 0000
0000 0000 0000 0000 0000 0000 0000 0000
0000 0000 0000 0000 0000 0000 0000 0000
0000 0000 0000 0000 0000 0000 0000 0000
0000 0000 0000 0000 0000 0000 0000 0000
0000 0000 0000 0000 0000 0000 0000 0000
0000 0000 0000 0000 0000 0000 0000 0000
0000 0000 0000 0000 0000 0000 0000 0000
0000 0000 0000 0000 0000 0000 0000 0000
0000 0000 0000 0000 0000 0000 0000 0000
0000 0000 0000 0000 0000 0000 0000 0000
0000 0000 0000 0000 0000 0000 0000 0000
0000 0000 0000 0000 0000 0000 0000 0000
0000 0000 0000 0000 0000 0000 0000 0000
0000 0000 0000 0000 0000 0000 0000 0000
0000 0000 0000 0000 0000 0000 0000 0000
0000 0000 0000 0000 0000 0000 0000 0000
0000 0000 0000 0000 0000 0000 0000 0000
0000 0000 0000 0000 0000 0000 0000 0000
0000 0000 0000 0000 0000 0000 0000 0000
0000 0000 0000 0000 0000 0000 0000 0000
0000 0000 0000 0000 0000 0000 0000 0000
0000 0000 0000 0000 0000 0000 0000 0000
0000 0000 0000 0000 0000 0000 0000 0000
0000 0000 0000 0000 0000 0000 0000 0000
0000 0000 0000 0000 0000 0000 0000 0000
0000 0000 0000 0000 0000 0000 0000 0000
0000 0000 0000 0000 0000 0000 0000 0000
0000 0000 0000 0000 0000 0000 0000 0000
0000 0000 0000 0000 0000 0000 0000 0000
0000 0000 0000 0000 0000 0000 0000 0000
0000 0000 0000 0000 0000 0000 0000 0000
0000 0000 0000 0000 0000 0000 0000 0000
0000 0000 0000 0000 0000 0000 0000 0000
0000 0000 0000 0000 0000 0000 0000 0000
0000 0000 0000 0000 0000 0000 0000 0000
0000 0000 0000 0000 0000 0000 0000 0000
0000 0000 0000 0000 0000 0000 0000 0000
0000 0000 0000 0000 0000 0000 0000 0000
0000 0000 0000 0000 0000 0000 0000 0000
0000 0000 0000 0000 0000 0000 0000 0000
0000 0000 0000 0000 0000 0000 0000 0000
0000 0000 0000 0000 0000 0000 0000 0000
0000 0000 0000 0000 0000 0000 0000 0000
0000 0000 0000 0000 0000 0000 0000 0000
0000 0000 0000 0000 0000 0000 0000 0000
0000 0000 0000 0000 0000 0000 0000 0000
0000 0000 0000 0000 0000 0000 0000 0000
0000 0000 0000 0000 0000 0000 0000 0000
0000 0000 0000 0000 0000 0000 0000 0000
0000 0000 0000 0000 0000 0000 0000 0000
0000 0000 0000 0000 0000 0000 0000 0000
0000 0000 0000 0000 0000 0000 0000 0000
0000 0000 0000 0000 0000 0000 0000 0000
0000 0000 0000 0000 0000 0000 0000 0000
0000 0000 0000 0000 0000 0000 0000 0000
0000 0000 0000 0000 0000 0000 0000 0000
0000 0000 0000 0000 0000 0000 0000 0000
0000 0000 0000 0000 0000 0000 0000 0000
0000 0000 0000 0000 0000 0000 0000 0000
0000 0000 0000 0000 0000 0000 0000 0000
4883 ec08 488b 05dd 2f00 0048 85c0 7402
ffd0 4883 c408 c300 0000 0000 0000 0000
ff35 122f 0000 ff25 142f 0000 0f1f 4000
ff25 122f 0000 6800 0000 00e9 e0ff ffff
ff25 0a2f 0000 6801 0000 00e9 d0ff ffff
ff25 022f 0000 6802 0000 00e9 c0ff ffff
ff25 fa2e 0000 6803 0000 00e9 b0ff ffff
ff25 f22e 0000 6804 0000 00e9 a0ff ffff
ff25 ea2e 0000 6805 0000 00e9 90ff ffff
ff25 e22e 0000 6806 0000 00e9 80ff ffff
ff25 da2e 0000 6807 0000 00e9 70ff ffff
ff25 d22e 0000 6808 0000 00e9 60ff ffff
ff25 ca2e 0000 6809 0000 00e9 50ff ffff
ff25 c22e 0000 680a 0000 00e9 40ff ffff
ff25 ba2e 0000 680b 0000 00e9 30ff ffff
ff25 b22e 0000 680c 0000 00e9 20ff ffff
ff25 aa2e 0000 680d 0000 00e9 10ff ffff
ff25 a22e 0000 680e 0000 00e9 00ff ffff
ff25 9a2e 0000 680f 0000 00e9 f0fe ffff
ff25 922e 0000 6810 0000 00e9 e0fe ffff
ff25 8a2e 0000 6690 0000 0000 0000 0000
4883 ec08 31ff e8f5 feff ff83 0dde 2e00
0004 48c7 05bb 3000 0000 0000 0048 c705
882f 0000 0000 0000 48c7 05ad 2e00 0014
0000 00e8 a802 0000 e893 0300 0031 c048
83c4 08c3 6666 2e0f 1f84 0000 0000 0090
4883 ec08 488d 3da1 7049 00e8 70ff ffff
488b 3d41 2e00 0048 8d15 4a2e 0000 488d
3587 7049 00e8 c6fe ffff 488d 0597 3000
0048 8d90 e03f 4900 0f1f 8400 0000 0000
c700 0000 0000 48c7 4008 0000 0000 4889
4010 4889 4018 4883 c030 48c7 40f0 0000
0000 4839 d075 d948 8d15 fa2d 0000 31f6
488d 3dd9 0100 0048 83c4 08e9 70fe ffff
31ed 4989 d15e 4889 e248 83e4 f050 544c
8d05 2a08 0000 488d 0dc3 0700 0048 8d3d
0cff ffff ff15 962d 0000 f40f 1f44 0000
488d 3db9 2d00 0048 8d05 b22d 0000 4839
f874 1548 8b05 6e2d 0000 4885 c074 09ff
e00f 1f80 0000 0000 c30f 1f80 0000 0000
488d 3d89 2d00 0048 8d35 822d 0000 4829
fe48 c1fe 0348 89f0 48c1 e83f 4801 c648
d1fe 7414 488b 0545 2d00 0048 85c0 7408
ffe0 660f 1f44 0000 c30f 1f80 0000 0000
803d 912f 0000 0075 2f55 4883 3dfe 2c00
0000 4889 e574 0c48 8b3d 2a2d 0000 e85d
feff ffe8 68ff ffff c605 692f 0000 015d
c30f 1f80 0000 0000 c30f 1f80 0000 0000
e97b ffff ff66 2e0f 1f84 0000 0000 0090
4863 c741 5741 5649 89c7 4155 4154 55bd
00ca 9a3b 5348 8d1c 4048 8d05 302f 0000
48c1 e304 4801 c348 83ec 184c 8b43 1848
83c3 0849 39d8 744c 4189 f641 89d5 4189
cc41 8b78 2044 39e7 742a 4439 f774 2544
39ef 7444 4489 e144 89ea 4489 fe4c 8944
2408 e899 ffff ff4c 8b44 2408 83c0 0139
c50f 4fe8 4c89 c7e8 64fd ffff 4989 c048
39c3 75bd 4883 c418 89e8 5b5d 415c 415d
415e 415f c30f 1f00 31ed ebd8 0f1f 4000
31c0 39fe 7422 4883 ec08 89f2 89f9 beff
ffff ffe8 48ff ffff 3d00 ca9a 3b74 0a48
83c4 08c3 0f1f 4000 c3b8 ffff ffff ebef
c366 662e 0f1f 8400 0000 0000 0f1f 4000
5553 488d 1d17 6e49 0048 8dab 50c0 b6ff
4883 ec08 eb0d 662e 0f1f 8400 0000 0000
4889 c348 8b73 1048 89df e821 0300 0048
8d43 d048 39eb 75e8 4883 c408 5b5d c390
4156 488d 350f 6e49 0048 8d3d 002d 0000
4155 4154 5553 4883 ec10 6448 8b04 2528
0000 0048 8944 2408 31c0 e811 fcff ff48
8d35 de6d 4900 4889 c7e8 02fc ffff 488d
35cb 6d49 0048 89c7 e8f3 fbff ff8b 05c1
6d49 0085 c07e 7745 31f6 4989 e448 8d6c
2404 488d 1dc7 2d00 004c 8d2d a02c 0000
4c89 e64c 89ef 4183 c601 e8c1 fbff ff48
89ee 4889 c7e8 b6fb ffff 8b04 2448 89ee
836c 2404 0183 e801 8904 2448 9848 8d3c
4048 c1e7 0448 01df e8a3 0200 0048 6344
2404 4c89 e648 8d3c 4048 c1e7 0448 01df
e88b 0200 0044 3935 486d 4900 7fa2 488b
4424 0864 4833 0425 2800 0000 750d 4883
c410 5b5d 415c 415d 415e c3e8 b0fb ffff
4157 4156 4155 4154 5553 4883 ec38 6448
8b04 2528 0000 0048 8944 2428 31c0 8b05
fc6c 4900 85c0 0f8e 6c01 0000 31db 4c8d
6c24 1f4c 8d64 2420 488d 6c24 244c 8d35
fc2c 0000 eb2d 662e 0f1f 8400 0000 0000
0fbe 7243 4c89 ffe8 b4fa ffff 4889 c7e8
fcfa ffff 83c3 0139 1db3 6c49 000f 8e25
0100 004c 89ee 488d 3da3 2b00 00e8 6efb
ffff 4c89 e648 89c7 e8c3 faff ff48 89ee
4889 c7e8 b8fa ffff 448b 4424 208b 4c24
240f b644 241f 418d 78ff 8d51 ff89 7c24
2089 5424 243c 2b0f 849b 0000 003c 2d0f
84fb 0000 0031 f641 39c8 7419 beff ffff
ff89 f9e8 18fd ffff 89c6 3d00 ca9a 3b0f
840e 0100 0048 8d3d 142a 0000 e81f fbff
ff49 89c7 488b 0048 8b40 e849 8b94 07f0
0000 0048 85d2 0f84 f100 0000 807a 3800
0f85 3aff ffff 4889 d748 8954 2408 e89d
faff ff48 8b54 2408 be0a 0000 0048 8d0d
dc00 0000 488b 0248 8b40 3048 39c8 0f84
10ff ffff 4889 d7ff d00f bef0 e903 ffff
ff0f 1f80 0000 0000 4863 ff48 89ee 83c3
0148 8d3c 7f48 c1e7 044c 01f7 e8ef 0000
0048 6344 2424 4c89 e648 8d3c 4048 c1e7
044c 01f7 e8d7 0000 0039 1d91 6b49 000f
8fde feff ff0f 1f00 488b 4424 2864 4833
0425 2800 0000 755a 4883 c438 5b5d 415c
415d 415e 415f c366 0f1f 8400 0000 0000
4863 ff48 89ee 488d 3c7f 48c1 e704 4c01
f7e8 9a01 0000 4863 4424 244c 89e6 488d
3c40 48c1 e704 4c01 f7e8 8201 0000 e971
feff ffbe ffff ffff e9e8 feff ffe8 def9
ffff e8a9 f9ff ff66 0f1f 8400 0000 0000
89f0 c366 2e0f 1f84 0000 0000 000f 1f00
4885 f674 3341 5449 89fc 5553 4889 f348
8b73 184c 89e7 e8e5 ffff ff48 8b6b 1048
89df e839 f9ff ff48 89eb 4885 ed75 e05b
5d41 5cc3 0f1f 4000 c30f 1f80 0000 0000
4157 4156 4c8d 7708 4155 4989 f541 5455
4889 fd53 4883 ec08 488b 5f10 4885 db0f
84cb 0000 0044 8b26 eb17 660f 1f44 0000
488b 4310 ba01 0000 0048 85c0 7416 4889
c38b 7b20 4139 fc7c e748 8b43 1831 d248
85c0 75ea 84d2 7558 4139 fc7e 6a41 bf01
0000 0049 39de 7578 bf28 0000 00e8 bef8
ffff 4889 da4c 89f1 4489 ff49 89c4 418b
4500 4c89 e641 8944 2420 e831 f8ff ff48
8345 2801 4883 c408 4c89 e05b ba01 0000
005d 415c 415d 415e 415f c30f 1f44 0000
483b 5d18 74a7 4889 dfe8 82f8 ffff 443b
6020 7f99 4889 c348 83c4 0848 89d8 31d2
5b5d 415c 415d 415e 415f c30f 1f44 0000
4531 ff44 3b63 2041 0f9c c7e9 78ff ffff
4c89 f34c 3b77 1874 0744 8b26 ebb8 6690
41bf 0100 0000 e95d ffff ff0f 1f44 0000
4157 4156 4155 4154 5548 89fd 534c 8d6d
0848 83ec 0848 8b7f 1048 85ff 0f84 3e01
0000 8b0e 4d89 ec48 89fb eb10 0f1f 4000
488b 4318 4885 c074 1648 89c3 394b 207c
ef48 8b43 107e 5949 89dc 4885 c075 ea4d
39e5 0f94 c04c 8b7d 284c 3965 180f 85ed
0000 0084 c00f 84e5 0000 0048 89fe 4889
efe8 3afe ffff 48c7 4510 0000 0000 4c89
6d18 4c89 6d20 48c7 4528 0000 0000 4883
c408 4c89 f85b 5d41 5c41 5d41 5e41 5fc3
488b 5318 4885 d275 13eb 250f 1f44 0000
4989 d448 8b52 1048 85d2 7414 3b4a 207c
ef48 8b52 1848 85d2 75f2 660f 1f44 0000
4885 c074 113b 4820 7f5e 4889 c348 8b40
1048 85c0 75ef 4c8b 7d28 4839 5d18 7450
4c39 e374 5b0f 1f00 4889 dfe8 60f7 ffff
4889 df4c 89ee 4989 c6e8 c2f6 ffff 4c89
f348 89c7 e8f7 f6ff ff48 8b45 2848 83e8
0148 8945 284d 39e6 75ce 4929 c7e9 5cff
ffff 660f 1f44 0000 488b 4018 eb92 6690
4d39 e575 abe9 21ff ffff 660f 1f44 0000
4531 ffe9 36ff ffff 0f1f 8400 0000 0000
4d89 ecb8 0100 0000 e9e8 feff ff0f 1f00
4157 4989 d741 5649 89f6 4155 4189 fd41
544c 8d25 0023 0000 5548 8d2d 0823 0000
534c 29e5 4883 ec08 e8d3 f5ff ff48 c1fd
0374 1b31 db0f 1f00 4c89 fa4c 89f6 4489
ef41 ff14 dc48 83c3 0148 39dd 75ea 4883
c408 5b5d 415c 415d 415e 415f c30f 1f00
c300 0000 4883 ec08 4883 c408 c300 0000
0000 0000 0000 0000 0000 0000 0000 0000
0000 0000 0000 0000 0000 0000 0000 0000
0000 0000 0000 0000 0000 0000 0000 0000
0000 0000 0000 0000 0000 0000 0000 0000
0000 0000 0000 0000 0000 0000 0000 0000
0000 0000 0000 0000 0000 0000 0000 0000
0000 0000 0000 0000 0000 0000 0000 0000
0000 0000 0000 0000 0000 0000 0000 0000
0000 0000 0000 0000 0000 0000 0000 0000
0000 0000 0000 0000 0000 0000 0000 0000
0000 0000 0000 0000 0000 0000 0000 0000
0000 0000 0000 0000 0000 0000 0000 0000
0000 0000 0000 0000 0000 0000 0000 0000
0000 0000 0000 0000 0000 0000 0000 0000
0000 0000 0000 0000 0000 0000 0000 0000
0000 0000 0000 0000 0000 0000 0000 0000
0000 0000 0000 0000 0000 0000 0000 0000
0000 0000 0000 0000 0000 0000 0000 0000
0000 0000 0000 0000 0000 0000 0000 0000
0000 0000 0000 0000 0000 0000 0000 0000
0000 0000 0000 0000 0000 0000 0000 0000
0000 0000 0000 0000 0000 0000 0000 0000
0000 0000 0000 0000 0000 0000 0000 0000
0000 0000 0000 0000 0000 0000 0000 0000
0000 0000 0000 0000 0000 0000 0000 0000
0000 0000 0000 0000 0000 0000 0000 0000
0000 0000 0000 0000 0000 0000 0000 0000
0000 0000 0000 0000 0000 0000 0000 0000
0000 0000 0000 0000 0000 0000 0000 0000
0000 0000 0000 0000 0000 0000 0000 0000
0000 0000 0000 0000 0000 0000 0000 0000
0000 0000 0000 0000 0000 0000 0000 0000
0000 0000 0000 0000 0000 0000 0000 0000
0000 0000 0000 0000 0000 0000 0000 0000
0000 0000 0000 0000 0000 0000 0000 0000
0000 0000 0000 0000 0000 0000 0000 0000
0000 0000 0000 0000 0000 0000 0000 0000
0000 0000 0000 0000 0000 0000 0000 0000
0000 0000 0000 0000 0000 0000 0000 0000
0000 0000 0000 0000 0000 0000 0000 0000
0000 0000 0000 0000 0000 0000 0000 0000
0000 0000 0000 0000 0000 0000 0000 0000
0000 0000 0000 0000 0000 0000 0000 0000
0000 0000 0000 0000 0000 0000 0000 0000
0000 0000 0000 0000 0000 0000 0000 0000
0000 0000 0000 0000 0000 0000 0000 0000
0000 0000 0000 0000 0000 0000 0000 0000
0000 0000 0000 0000 0000 0000 0000 0000
0000 0000 0000 0000 0000 0000 0000 0000
0000 0000 0000 0000 0000 0000 0000 0000
0000 0000 0000 0000 0000 0000 0000 0000
0000 0000 0000 0000 0000 0000 0000 0000
0000 0000 0000 0000 0000 0000 0000 0000
0000 0000 0000 0000 0000 0000 0000 0000
0000 0000 0000 0000 0000 0000 0000 0000
0000 0000 0000 0000 0000 0000 0000 0000
0000 0000 0000 0000 0000 0000 0000 0000
0000 0000 0000 0000 0000 0000 0000 0000
0000 0000 0000 0000 0000 0000 0000 0000
0000 0000 0000 0000 0000 0000 0000 0000
0000 0000 0000 0000 0000 0000 0000 0000
0000 0000 0000 0000 0000 0000 0000 0000
0000 0000 0000 0000 0000 0000 0000 0000
0000 0000 0000 0000 0000 0000 0000 0000
0000 0000 0000 0000 0000 0000 0000 0000
0000 0000 0000 0000 0000 0000 0000 0000
0000 0000 0000 0000 0000 0000 0000 0000
0000 0000 0000 0000 0000 0000 0000 0000
0000 0000 0000 0000 0000 0000 0000 0000
0000 0000 0000 0000 0000 0000 0000 0000
0000 0000 0000 0000 0000 0000 0000 0000
0000 0000 0000 0000 0000 0000 0000 0000
0000 0000 0000 0000 0000 0000 0000 0000
0000 0000 0000 0000 0000 0000 0000 0000
0000 0000 0000 0000 0000 0000 0000 0000
0000 0000 0000 0000 0000 0000 0000 0000
0000 0000 0000 0000 0000 0000 0000 0000
0000 0000 0000 0000 0000 0000 0000 0000
0000 0000 0000 0000 0000 0000 0000 0000
0000 0000 0000 0000 0000 0000 0000 0000
0000 0000 0000 0000 0000 0000 0000 0000
0000 0000 0000 0000 0000 0000 0000 0000
0000 0000 0000 0000 0000 0000 0000 0000
0000 0000 0000 0000 0000 0000 0000 0000
0000 0000 0000 0000 0000 0000 0000 0000
0000 0000 0000 0000 0000 0000 0000 0000
0000 0000 0000 0000 0000 0000 0000 0000
0000 0000 0000 0000 0000 0000 0000 0000
0000 0000 0000 0000 0000 0000 0000 0000
0100 0200 011b 033b 9000 0000 1100 0000
1cf0 ffff dc00 0000 3cf1 ffff 0401 0000
4cf1 ffff 4403 0000 9cf1 ffff 5c03 0000
1cf2 ffff ac00 0000 0cf3 ffff 3001 0000
acf3 ffff 7c01 0000 dcf3 ffff 9801 0000
ecf3 ffff dc01 0000 2cf4 ffff 6802 0000
1cf5 ffff f802 0000 2cf7 ffff 1c01 0000
3cf7 ffff ac01 0000 7cf7 ffff 0402 0000
8cf8 ffff ac02 0000 fcf9 ffff 7403 0000
5cfa ffff bc03 0000 1400 0000 0000 0000
017a 5200 0178 1001 1b0c 0708 9001 0710
1400 0000 1c00 0000 68f1 ffff 2b00 0000
0000 0000 0000 0000 1400 0000 0000 0000
017a 5200 0178 1001 1b0c 0708 9001 0000
2400 0000 1c00 0000 38ef ffff 2001 0000
000e 1046 0e18 4a0f 0b77 0880 003f 1a3b
2a33 2422 0000 0000 1400 0000 4400 0000
30f0 ffff 0800 0000 0000 0000 0000 0000
1000 0000 5c00 0000 08f6 ffff 0300 0000
0000 0000 4800 0000 7000 0000 d4f1 ffff
9c00 0000 0045 0e10 8f02 420e 188e 0345
0e20 8d04 420e 288c 0541 0e30 8606 460e
3883 0756 0e50 025d 0a0e 3843 0e30 410e
2842 0e20 420e 1842 0e10 420e 0844 0b00
1800 0000 bc00 0000 28f2 ffff 3000 0000
004a 0e10 590e 0846 0e10 0000 1000 0000
d800 0000 3cf2 ffff 0100 0000 0000 0000
2c00 0000 ec00 0000 88f5 ffff 3900 0000
0047 0e10 8c02 440e 1886 0341 0e20 8304
640e 1841 0e10 420e 0845 c3c6 cc00 0000
2400 0000 1c01 0000 08f2 ffff 3f00 0000
0041 0e10 8602 410e 1883 0352 0e20 680e
1841 0e10 410e 0800 6000 0000 4401 0000
70f5 ffff 0b01 0000 0042 0e10 8f02 420e
188e 0346 0e20 8d04 450e 288c 0541 0e30
8606 440e 3883 0744 0e40 0280 0a0e 3844
0e30 460e 2842 0e20 420e 1842 0e10 420e
0846 0b5b 0a0e 3846 0e30 410e 2842 0e20
420e 1842 0e10 420e 0846 0b00 4000 0000
a801 0000 bcf1 ffff f000 0000 0042 0e10
8e02 500e 188d 0342 0e20 8c04 410e 2886
0541 0e30 8306 440e 4002 c80a 0e30 410e
2841 0e20 420e 1842 0e10 420e 0841 0b00
4800 0000 ec01 0000 d8f5 ffff 6d01 0000
0042 0e10 8f02 420e 188e 0342 0e20 8d04
420e 288c 0541 0e30 8606 440e 3883 0748
0e40 027d 0a0e 3844 0e30 410e 2842 0e20
420e 1842 0e10 420e 0841 0b00 4800 0000
3802 0000 1cf2 ffff 0702 0000 0042 0e10
8f02 420e 188e 0342 0e20 8d04 420e 288c
0541 0e30 8606 410e 3883 0744 0e70 039e
010a 0e38 410e 3041 0e28 420e 2042 0e18
420e 1042 0e08 4a0b 1400 0000 8402 0000
00ee ffff 4400 0000 0044 0e10 7f0e 0800
1400 0000 9c02 0000 38ee ffff 8000 0000
0044 0e10 0277 0e08 4400 0000 b402 0000
80f6 ffff 5d00 0000 0042 0e10 8f02 450e
188e 0345 0e20 8d04 450e 288c 0548 0e30
8606 480e 3883 0747 0e40 6a0e 3841 0e30
410e 2842 0e20 420e 1842 0e10 420e 0800
1000 0000 fc02 0000 98f6 ffff 0100 0000
0000 0000 0000 0000 0000 0000 0000 0000
0000 0000 0000 0000 0000 0000 0000 0000
0000 0000 0000 0000 0000 0000 0000 0000
0000 0000 0000 0000 0000 0000 0000 0000
0000 0000 0000 0000 0000 0000 0000 0000
0000 0000 0000 0000 0000 0000 0000 0000
0000 0000 0000 0000 0000 0000 0000 0000
0000 0000 0000 0000 0000 0000 0000 0000
0000 0000 0000 0000 0000 0000 0000 0000
0000 0000 0000 0000 0000 0000 0000 0000
0000 0000 0000 0000 0000 0000 0000 0000
0000 0000 0000 0000 0000 0000 0000 0000
0000 0000 0000 0000 0000 0000 0000 0000
0000 0000 0000 0000 0000 0000 0000 0000
0000 0000 0000 0000 0000 0000 0000 0000
0000 0000 0000 0000 0000 0000 0000 0000
0000 0000 0000 0000 0000 0000 0000 0000
0000 0000 0000 0000 0000 0000 0000 0000
0000 0000 0000 0000 0000 0000 0000 0000
0000 0000 0000 0000 0000 0000 0000 0000
0000 0000 0000 0000 0000 0000 0000 0000
0000 0000 0000 0000 0000 0000 0000 0000
0000 0000 0000 0000 0000 0000 0000 0000
0000 0000 0000 0000 0000 0000 0000 0000
0000 0000 0000 0000 0000 0000 0000 0000
0000 0000 0000 0000 0000 0000 0000 0000
0000 0000 0000 0000 0000 0000 0000 0000
0000 0000 0000 0000 0000 0000 0000 0000
0000 0000 0000 0000 0000 0000 0000 0000
0000 0000 0000 0000 0000 0000 0000 0000
0000 0000 0000 0000 0000 0000 0000 0000
0000 0000 0000 0000 0000 0000 0000 0000
0000 0000 0000 0000 0000 0000 0000 0000
0000 0000 0000 0000 0000 0000 0000 0000
0000 0000 0000 0000 0000 0000 0000 0000
0000 0000 0000 0000 0000 0000 0000 0000
0000 0000 0000 0000 0000 0000 0000 0000
0000 0000 0000 0000 0000 0000 0000 0000
0000 0000 0000 0000 0000 0000 0000 0000
0000 0000 0000 0000 0000 0000 0000 0000
0000 0000 0000 0000 0000 0000 0000 0000
0000 0000 0000 0000 0000 0000 0000 0000
0000 0000 0000 0000 0000 0000 0000 0000
0000 0000 0000 0000 0000 0000 0000 0000
0000 0000 0000 0000 0000 0000 0000 0000
0000 0000 0000 0000 0000 0000 0000 0000
0000 0000 0000 0000 0000 0000 0000 0000
0000 0000 0000 0000 0000 0000 0000 0000
0000 0000 0000 0000 0000 0000 0000 0000
0000 0000 0000 0000 0000 0000 0000 0000
0000 0000 0000 0000 0000 0000 0000 0000
0000 0000 0000 0000 0000 0000 0000 0000
0000 0000 0000 0000 0000 0000 0000 0000
0000 0000 0000 0000 0000 0000 0000 0000
0000 0000 0000 0000 0000 0000 0000 0000
0000 0000 0000 0000 0000 0000 0000 0000
0000 0000 0000 0000 0000 0000 0000 0000
0000 0000 0000 0000 0000 0000 0000 0000
0000 0000 0000 0000 0000 0000 0000 0000
0000 0000 0000 0000 0000 0000 0000 0000
0000 0000 0000 0000 0000 0000 0000 0000
0000 0000 0000 0000 0000 0000 0000 0000
0000 0000 0000 0000 0000 0000 0000 0000
0000 0000 0000 0000 0000 0000 0000 0000
0000 0000 0000 0000 0000 0000 0000 0000
0000 0000 0000 0000 0000 0000 0000 0000
0000 0000 0000 0000 0000 0000 0000 0000
0000 0000 0000 0000 0000 0000 0000 0000
0000 0000 0000 0000 0000 0000 0000 0000
0000 0000 0000 0000 0000 0000 0000 0000
0000 0000 0000 0000 0000 0000 0000 0000
0000 0000 0000 0000 0000 0000 0000 0000
0000 0000 0000 0000 0000 0000 0000 0000
0000 0000 0000 0000 0000 0000 0000 0000
0000 0000 0000 0000 0000 0000 0000 0000
0000 0000 0000 0000 0000 0000 0000 0000
0000 0000 0000 0000 0000 0000 0000 0000
0000 0000 0000 0000 0000 0000 0000 0000
0000 0000 0000 0000 0000 0000 0000 0000
0000 0000 0000 0000 0000 0000 0000 0000
0000 0000 0000 0000 0000 0000 0000 0000
0000 0000 0000 0000 0000 0000 0000 0000
0000 0000 0000 0000 0000 0000 0000 0000
0000 0000 0000 0000 0000 0000 0000 0000
0000 0000 0000 0000 0000 0000 0000 0000
0000 0000 0000 0000 0000 0000 0000 0000
0000 0000 0000 0000 0000 0000 0000 0000
0000 0000 0000 0000 0000 0000 0000 0000
0000 0000 0000 0000 0000 0000 0000 0000
0000 0000 0000 0000 0000 0000 0000 0000
0000 0000 0000 0000 0000 0000 0000 0000
0000 0000 0000 0000 0000 0000 0000 0000
0000 0000 0000 0000 0000 0000 0000 0000
0000 0000 0000 0000 0000 0000 0000 0000
0000 0000 0000 0000 0000 0000 0000 0000
0000 0000 0000 0000 0000 0000 0000 0000
0000 0000 0000 0000 0000 0000 0000 0000
0000 0000 0000 0000 0000 0000 0000 0000
0000 0000 0000 0000 0000 0000 0000 0000
0000 0000 0000 0000 0000 0000 0000 0000
0000 0000 0000 0000 0000 0000 0000 0000
0000 0000 0000 0000 0000 0000 0000 0000
0000 0000 0000 0000 0000 0000 0000 0000
0000 0000 0000 0000 0000 0000 0000 0000
0000 0000 0000 0000 0000 0000 0000 0000
0000 0000 0000 0000 0000 0000 0000 0000
0000 0000 0000 0000 0000 0000 0000 0000
0000 0000 0000 0000 0000 0000 0000 0000
0000 0000 0000 0000 0000 0000 0000 0000
0000 0000 0000 0000 0000 0000 0000 0000
0000 0000 0000 0000 0000 0000 0000 0000
0000 0000 0000 0000 0000 0000 0000 0000
0000 0000 0000 0000 0000 0000 0000 0000
0000 0000 0000 0000 0000 0000 0000 0000
0000 0000 0000 0000 0000 0000 0000 0000
0000 0000 0000 0000 0000 0000 0000 0000
0000 0000 0000 0000 0000 0000 0000 0000
0000 0000 0000 0000 0000 0000 0000 0000
0000 0000 0000 0000 0000 0000 0000 0000
0000 0000 0000 0000 0000 0000 0000 0000
0000 0000 0000 0000 0000 0000 0000 0000
0000 0000 0000 0000 0000 0000 0000 0000
0000 0000 0000 0000 0000 0000 0000 0000
0000 0000 0000 0000 0000 0000 0000 0000
0000 0000 0000 0000 0000 0000 0000 0000
0000 0000 0000 0000 0000 0000 0000 0000
0000 0000 0000 0000 0000 0000 0000 0000
0000 0000 0000 0000 0000 0000 0000 0000
0000 0000 0000 0000 0000 0000 0000 0000
0000 0000 0000 0000 0000 0000 0000 0000
0000 0000 0000 0000 0000 0000 0000 0000
0000 0000 0000 0000 0000 0000 0000 0000
0000 0000 0000 0000 0000 0000 0000 0000
0000 0000 0000 0000 0000 0000 0000 0000
0000 0000 0000 0000 0000 0000 0000 0000
0000 0000 0000 0000 0000 0000 0000 0000
0000 0000 0000 0000 0000 0000 0000 0000
0000 0000 0000 0000 0000 0000 0000 0000
0000 0000 0000 0000 0000 0000 0000 0000
0000 0000 0000 0000 0000 0000 0000 0000
0000 0000 0000 0000 0000 0000 0000 0000
0000 0000 0000 0000 0000 0000 0000 0000
0000 0000 0000 0000 0000 0000 0000 0000
0000 0000 0000 0000 0000 0000 0000 0000
0000 0000 0000 0000 0000 0000 0000 0000
0000 0000 0000 0000 0000 0000 0000 0000
0000 0000 0000 0000 0000 0000 0000 0000
0000 0000 0000 0000 0000 0000 0000 0000
0000 0000 0000 0000 0013 0000 0000 0000
a011 0000 0000 0000 c012 0000 0000 0000
0100 0000 0000 0000 0100 0000 0000 0000
0100 0000 0000 0000 6602 0000 0000 0000
0c00 0000 0000 0000 0010 0000 0000 0000
0d00 0000 0000 0000 641a 0000 0000 0000
1900 0000 0000 0000 183d 0000 0000 0000
1b00 0000 0000 0000 1000 0000 0000 0000
1a00 0000 0000 0000 283d 0000 0000 0000
1c00 0000 0000 0000 0800 0000 0000 0000
f5fe ff6f 0000 0000 0803 0000 0000 0000
0500 0000 0000 0000 c805 0000 0000 0000
0600 0000 0000 0000 4003 0000 0000 0000
0a00 0000 0000 0000 e002 0000 0000 0000
0b00 0000 0000 0000 1800 0000 0000 0000
1500 0000 0000 0000 0000 0000 0000 0000
0300 0000 0000 0000 303f 0000 0000 0000
0200 0000 0000 0000 9801 0000 0000 0000
1400 0000 0000 0000 0700 0000 0000 0000
1700 0000 0000 0000 600a 0000 0000 0000
0700 0000 0000 0000 4009 0000 0000 0000
0800 0000 0000 0000 2001 0000 0000 0000
0900 0000 0000 0000 1800 0000 0000 0000
1e00 0000 0000 0000 0800 0000 0000 0000
fbff ff6f 0000 0000 0100 0008 0000 0000
feff ff6f 0000 0000 e008 0000 0000 0000
ffff ff6f 0000 0000 0200 0000 0000 0000
f0ff ff6f 0000 0000 a808 0000 0000 0000
f9ff ff6f 0000 0000 0400 0000 0000 0000
0000 0000 0000 0000 0000 0000 0000 0000
0000 0000 0000 0000 0000 0000 0000 0000
0000 0000 0000 0000 0000 0000 0000 0000
0000 0000 0000 0000 0000 0000 0000 0000
0000 0000 0000 0000 0000 0000 0000 0000
303d 0000 0000 0000 0000 0000 0000 0000
0000 0000 0000 0000 3610 0000 0000 0000
4610 0000 0000 0000 5610 0000 0000 0000
6610 0000 0000 0000 7610 0000 0000 0000
8610 0000 0000 0000 9610 0000 0000 0000
a610 0000 0000 0000 b610 0000 0000 0000
c610 0000 0000 0000 d610 0000 0000 0000
e610 0000 0000 0000 f610 0000 0000 0000
0611 0000 0000 0000 1611 0000 0000 0000
2611 0000 0000 0000 3611 0000 0000 0000
0000 0000 0000 0000 0000 0000 0000 0000
0000 0000 0000 0000 0000 0000 0000 0000
0000 0000 0000 0000 0000 0000 0000 0000
0000 0000 0000 0000 0840 0000 0000 0000
4743 433a 2028 5562 756e 7475 2038 2e33
2e30 2d36 7562 756e 7475 3129 2038 2e33
2e30 0000 0000 0000 0000 0000 0000 0000
0000 0000 0000 0000 0000 0000 0000 0000
0000 0000 0300 0100 a802 0000 0000 0000
0000 0000 0000 0000 0000 0000 0300 0200
c402 0000 0000 0000 0000 0000 0000 0000
0000 0000 0300 0300 e802 0000 0000 0000
0000 0000 0000 0000 0000 0000 0300 0400
0803 0000 0000 0000 0000 0000 0000 0000
0000 0000 0300 0500 4003 0000 0000 0000
0000 0000 0000 0000 0000 0000 0300 0600
c805 0000 0000 0000 0000 0000 0000 0000
0000 0000 0300 0700 a808 0000 0000 0000
0000 0000 0000 0000 0000 0000 0300 0800
e008 0000 0000 0000 0000 0000 0000 0000
0000 0000 0300 0900 4009 0000 0000 0000
0000 0000 0000 0000 0000 0000 0300 0a00
600a 0000 0000 0000 0000 0000 0000 0000
0000 0000 0300 0b00 0010 0000 0000 0000
0000 0000 0000 0000 0000 0000 0300 0c00
2010 0000 0000 0000 0000 0000 0000 0000
0000 0000 0300 0d00 4011 0000 0000 0000
0000 0000 0000 0000 0000 0000 0300 0e00
5011 0000 0000 0000 0000 0000 0000 0000
0000 0000 0300 0f00 641a 0000 0000 0000
0000 0000 0000 0000 0000 0000 0300 1000
0020 0000 0000 0000 0000 0000 0000 0000
0000 0000 0300 1100 0420 0000 0000 0000
0000 0000 0000 0000 0000 0000 0300 1200
9820 0000 0000 0000 0000 0000 0000 0000
0000 0000 0300 1300 183d 0000 0000 0000
0000 0000 0000 0000 0000 0000 0300 1400
283d 0000 0000 0000 0000 0000 0000 0000
0000 0000 0300 1500 303d 0000 0000 0000
0000 0000 0000 0000 0000 0000 0300 1600
303f 0000 0000 0000 0000 0000 0000 0000
0000 0000 0300 1700 0040 0000 0000 0000
0000 0000 0000 0000 0000 0000 0300 1800
2040 0000 0000 0000 0000 0000 0000 0000
0000 0000 0300 1900 0000 0000 0000 0000
0000 0000 0000 0000 0100 0000 0400 f1ff
0000 0000 0000 0000 0000 0000 0000 0000
0e00 0000 0200 0e00 f013 0000 0000 0000
3f00 0000 0000 0000 1600 0000 0200 0e00
a011 0000 0000 0000 8000 0000 0000 0000
2700 0000 0100 1800 4c82 4900 0000 0000
0100 0000 0000 0000 3600 0000 0400 f1ff
0000 0000 0000 0000 0000 0000 0000 0000
4100 0000 0200 0e00 5012 0000 0000 0000
0000 0000 0000 0000 4300 0000 0200 0e00
8012 0000 0000 0000 0000 0000 0000 0000
5600 0000 0200 0e00 c012 0000 0000 0000
0000 0000 0000 0000 6c00 0000 0100 1800
5842 0000 0000 0000 0100 0000 0000 0000
7b00 0000 0100 1400 283d 0000 0000 0000
0000 0000 0000 0000 a200 0000 0200 0e00
0013 0000 0000 0000 0000 0000 0000 0000
ae00 0000 0100 1300 183d 0000 0000 0000
0000 0000 0000 0000 3600 0000 0400 f1ff
0000 0000 0000 0000 0000 0000 0000 0000
cd00 0000 0100 1200 d423 0000 0000 0000
0000 0000 0000 0000 0000 0000 0400 f1ff
0000 0000 0000 0000 0000 0000 0000 0000
db00 0000 0000 1100 0420 0000 0000 0000
0000 0000 0000 0000 9905 0000 0200 0b00
0010 0000 0000 0000 0000 0000 0000 0000
ee00 0000 0100 1500 303d 0000 0000 0000
0000 0000 0000 0000 f700 0000 0000 1300
283d 0000 0000 0000 0000 0000 0000 0000
0801 0000 0000 1300 183d 0000 0000 0000
0000 0000 0000 0000 1b01 0000 0100 1600
303f 0000 0000 0000 0000 0000 0000 0000
3101 0000 1200 0000 0000 0000 0000 0000
0000 0000 0000 0000 4a01 0000 1200 0000
0000 0000 0000 0000 0000 0000 0000 0000
9901 0000 1000 1700 1040 0000 0000 0000
0000 0000 0000 0000 5105 0000 2000 1700
0040 0000 0000 0000 0000 0000 0000 0000
a001 0000 1100 1000 0020 0000 0000 0000
0400 0000 0000 0000 af01 0000 1100 1800
4482 4900 0000 0000 0400 0000 0000 0000
b101 0000 1200 0000 0000 0000 0000 0000
0000 0000 0000 0000 e001 0000 2200 0000
0000 0000 0000 0000 0000 0000 0000 0000
fc01 0000 1200 0e00 5011 0000 0000 0000
4400 0000 0000 0000 0102 0000 1102 1700
0840 0000 0000 0000 0000 0000 0000 0000
0e02 0000 1200 0000 0000 0000 0000 0000
0000 0000 0000 0000 5802 0000 1200 0000
0000 0000 0000 0000 0000 0000 0000 0000
2500 0000 1100 1800 4882 4900 0000 0000
0400 0000 0000 0000 7002 0000 1200 0000
0000 0000 0000 0000 0000 0000 0000 0000
e605 0000 1202 0f00 641a 0000 0000 0000
0000 0000 0000 0000 8b02 0000 2200 0e00
4017 0000 0000 0000 3900 0000 0000 0000
db02 0000 1100 1800 6042 0000 0000 0000
e03f 4900 0000 0000 dd02 0000 2200 0e00
3017 0000 0000 0000 0300 0000 0000 0000
f802 0000 1200 0000 0000 0000 0000 0000
0000 0000 0000 0000 1203 0000 1200 0e00
1013 0000 0000 0000 9c00 0000 0000 0000
1d03 0000 1200 0000 0000 0000 0000 0000
0000 0000 0000 0000 5505 0000 1200 0e00
2012 0000 0000 0000 2b00 0000 0000 0000
3103 0000 1200 0000 0000 0000 0000 0000
0000 0000 0000 0000 4403 0000 1200 0e00
3014 0000 0000 0000 f000 0000 0000 0000
4d03 0000 1200 0000 0000 0000 0000 0000
0000 0000 0000 0000 8a03 0000 2200 0e00
8017 0000 0000 0000 0b01 0000 0000 0000
f803 0000 1200 0000 0000 0000 0000 0000
0000 0000 0000 0000 1404 0000 2200 0e00
9018 0000 0000 0000 6d01 0000 0000 0000
4f04 0000 1102 1700 1040 0000 0000 0000
0000 0000 0000 0000 5b04 0000 1200 0000
0000 0000 0000 0000 0000 0000 0000 0000
8c04 0000 1200 0000 0000 0000 0000 0000
0000 0000 0000 0000 ca04 0000 1200 0000
0000 0000 0000 0000 0000 0000 0000 0000
ef04 0000 1100 1800 2040 0000 0000 0000
1001 0000 0000 0000 0605 0000 1200 0000
0000 0000 0000 0000 0000 0000 0000 0000
4f05 0000 1000 1700 0040 0000 0000 0000
0000 0000 0000 0000 5c05 0000 1100 1800
4082 4900 0000 0000 0400 0000 0000 0000
0301 0000 1000 1800 5082 4900 0000 0000
0000 0000 0000 0000 5e05 0000 1000 1800
1040 0000 0000 0000 0000 0000 0000 0000
6a05 0000 1200 0000 0000 0000 0000 0000
0000 0000 0000 0000 8f05 0000 1200 0e00
001a 0000 0000 0000 5d00 0000 0000 0000
9f05 0000 1200 0e00 e013 0000 0000 0000
0100 0000 0000 0000 a905 0000 1200 0000
0000 0000 0000 0000 0000 0000 0000 0000
c005 0000 2000 0000 0000 0000 0000 0000
0000 0000 0000 0000 dc05 0000 1200 0e00
601a 0000 0000 0000 0100 0000 0000 0000
ec05 0000 1200 0e00 b013 0000 0000 0000
3000 0000 0000 0000 f505 0000 1100 1800
4041 0000 0000 0000 1801 0000 0000 0000
0b06 0000 1200 0e00 2015 0000 0000 0000
0702 0000 0000 0000 1306 0000 1200 0000
0000 0000 0000 0000 0000 0000 0000 0000
3206 0000 2000 0000 0000 0000 0000 0000
0000 0000 0000 0000 4106 0000 2000 0000
0000 0000 0000 0000 0000 0000 0000 0000
5b06 0000 1200 0000 0000 0000 0000 0000
0000 0000 0000 0000 0073 7472 6573 735f
6a2e 6370 7000 5f5f 7463 665f 3000 5f47
4c4f 4241 4c5f 5f73 7562 5f49 5f6e 005f
5a53 744c 385f 5f69 6f69 6e69 7400 6372
7473 7475 6666 2e63 0064 6572 6567 6973
7465 725f 746d 5f63 6c6f 6e65 7300 5f5f
646f 5f67 6c6f 6261 6c5f 6474 6f72 735f
6175 7800 636f 6d70 6c65 7465 642e 3739
3633 005f 5f64 6f5f 676c 6f62 616c 5f64
746f 7273 5f61 7578 5f66 696e 695f 6172
7261 795f 656e 7472 7900 6672 616d 655f
6475 6d6d 7900 5f5f 6672 616d 655f 6475
6d6d 795f 696e 6974 5f61 7272 6179 5f65
6e74 7279 005f 5f46 5241 4d45 5f45 4e44
5f5f 005f 5f47 4e55 5f45 485f 4652 414d
455f 4844 5200 5f44 594e 414d 4943 005f
5f69 6e69 745f 6172 7261 795f 656e 6400
5f5f 696e 6974 5f61 7272 6179 5f73 7461
7274 005f 474c 4f42 414c 5f4f 4646 5345
545f 5441 424c 455f 005f 5a4e 536f 3370
7574 4563 4040 474c 4942 4358 585f 332e
3400 5f5a 5374 3239 5f52 625f 7472 6565
5f69 6e73 6572 745f 616e 645f 7265 6261
6c61 6e63 6562 5053 7431 385f 5262 5f74
7265 655f 6e6f 6465 5f62 6173 6553 305f
5253 5f40 4047 4c49 4243 5858 5f33 2e34
005f 6564 6174 6100 5f49 4f5f 7374 6469
6e5f 7573 6564 006d 005f 5a4e 5374 3869
6f73 5f62 6173 6531 3573 796e 635f 7769
7468 5f73 7464 696f 4562 4040 474c 4942
4358 585f 332e 3400 5f5f 6378 615f 6669
6e61 6c69 7a65 4040 474c 4942 435f 322e
322e 3500 6d61 696e 005f 5f64 736f 5f68
616e 646c 6500 5f5a 5374 3238 5f52 625f
7472 6565 5f72 6562 616c 616e 6365 5f66
6f72 5f65 7261 7365 5053 7431 385f 5262
5f74 7265 655f 6e6f 6465 5f62 6173 6552
535f 4040 474c 4942 4358 585f 332e 3400
5f5a 4e53 6972 7345 5269 4040 474c 4942
4358 585f 332e 3400 5f5a 4e53 6f35 666c
7573 6845 7640 4047 4c49 4243 5858 5f33
2e34 005f 5a4e 5374 385f 5262 5f74 7265
6549 6969 5374 395f 4964 656e 7469 7479
4969 4553 7434 6c65 7373 4969 4553 6149
6945 4538 5f4d 5f65 7261 7365 4550 5374
3133 5f52 625f 7472 6565 5f6e 6f64 6549
6945 0067 005f 5a4e 4b53 7435 6374 7970
6549 6345 3864 6f5f 7769 6465 6e45 6300
5f5f 6378 615f 6174 6578 6974 4040 474c
4942 435f 322e 322e 3500 5f5a 3364 6673
6969 6969 005f 5a64 6c50 7640 4047 4c49
4243 5858 5f33 2e34 005f 5a6e 776d 4040
474c 4942 4358 585f 332e 3400 5f5a 3472
6561 6476 005f 5a53 7431 385f 5262 5f74
7265 655f 6465 6372 656d 656e 7450 5374
3138 5f52 625f 7472 6565 5f6e 6f64 655f
6261 7365 4040 474c 4942 4358 585f 332e
3400 5f5a 4e53 7438 5f52 625f 7472 6565
4969 6953 7439 5f49 6465 6e74 6974 7949
6945 5374 346c 6573 7349 6945 5361 4969
4545 3136 5f4d 5f69 6e73 6572 745f 756e
6971 7565 4952 4b69 4545 5374 3470 6169
7249 5374 3137 5f52 625f 7472 6565 5f69
7465 7261 746f 7249 6945 6245 4f54 5f00
5f5f 7374 6163 6b5f 6368 6b5f 6661 696c
4040 474c 4942 435f 322e 3400 5f5a 4e53
7438 5f52 625f 7472 6565 4969 6953 7439
5f49 6465 6e74 6974 7949 6945 5374 346c
6573 7349 6945 5361 4969 4545 3565 7261
7365 4552 4b69 005f 5f54 4d43 5f45 4e44
5f5f 005f 5a4e 4b53 7435 6374 7970 6549
6345 3133 5f4d 5f77 6964 656e 5f69 6e69
7445 7640 4047 4c49 4243 5858 5f33 2e34
2e31 3100 5f5a 5374 3138 5f52 625f 7472
6565 5f69 6e63 7265 6d65 6e74 504b 5374
3138 5f52 625f 7472 6565 5f6e 6f64 655f
6261 7365 4040 474c 4942 4358 585f 332e
3400 5f5a 5374 3136 5f5f 7468 726f 775f
6261 645f 6361 7374 7640 4047 4c49 4243
5858 5f33 2e34 005f 5a53 7434 636f 7574
4040 474c 4942 4358 585f 332e 3400 5f5a
5374 7273 4963 5374 3131 6368 6172 5f74
7261 6974 7349 6345 4552 5374 3133 6261
7369 635f 6973 7472 6561 6d49 545f 5430
5f45 5336 5f52 5333 5f40 4047 4c49 4243
5858 5f33 2e34 005f 5f64 6174 615f 7374
6172 7400 7100 5f5f 6273 735f 7374 6172
7400 5f5a 4e53 7438 696f 735f 6261 7365
3449 6e69 7443 3145 7640 4047 4c49 4243
5858 5f33 2e34 005f 5f6c 6962 635f 6373
755f 696e 6974 005f 5a35 7772 6974 6576
005f 5a4e 536f 6c73 4569 4040 474c 4942
4358 585f 332e 3400 5f49 544d 5f64 6572
6567 6973 7465 7254 4d43 6c6f 6e65 5461
626c 6500 5f5f 6c69 6263 5f63 7375 5f66
696e 6900 5f5a 3367 6574 6969 005f 5a53
7433 6369 6e40 4047 4c49 4243 5858 5f33
2e34 005f 5a33 7275 6e76 005f 5f6c 6962
635f 7374 6172 745f 6d61 696e 4040 474c
4942 435f 322e 322e 3500 5f5f 676d 6f6e
5f73 7461 7274 5f5f 005f 4954 4d5f 7265
6769 7374 6572 544d 436c 6f6e 6554 6162
6c65 005f 5a4e 5374 3869 6f73 5f62 6173
6534 496e 6974 4431 4576 4040 474c 4942
4358 585f 332e 3400 002e 7379 6d74 6162
002e 7374 7274 6162 002e 7368 7374 7274
6162 002e 696e 7465 7270 002e 6e6f 7465
2e67 6e75 2e62 7569 6c64 2d69 6400 2e6e
6f74 652e 4142 492d 7461 6700 2e67 6e75
2e68 6173 6800 2e64 796e 7379 6d00 2e64
796e 7374 7200 2e67 6e75 2e76 6572 7369
6f6e 002e 676e 752e 7665 7273 696f 6e5f
7200 2e72 656c 612e 6479 6e00 2e72 656c
612e 706c 7400 2e69 6e69 7400 2e70 6c74
2e67 6f74 002e 7465 7874 002e 6669 6e69
002e 726f 6461 7461 002e 6568 5f66 7261
6d65 5f68 6472 002e 6568 5f66 7261 6d65
002e 696e 6974 5f61 7272 6179 002e 6669
6e69 5f61 7272 6179 002e 6479 6e61 6d69
6300 2e64 6174 6100 2e62 7373 002e 636f
6d6d 656e 7400 0000 0000 0000 0000 0000
0000 0000 0000 0000 0000 0000 0000 0000
0000 0000 0000 0000 0000 0000 0000 0000
0000 0000 0000 0000 0000 0000 0000 0000
0000 0000 0000 0000 1b00 0000 0100 0000
0200 0000 0000 0000 a802 0000 0000 0000
a802 0000 0000 0000 1c00 0000 0000 0000
0000 0000 0000 0000 0100 0000 0000 0000
0000 0000 0000 0000 2300 0000 0700 0000
0200 0000 0000 0000 c402 0000 0000 0000
c402 0000 0000 0000 2400 0000 0000 0000
0000 0000 0000 0000 0400 0000 0000 0000
0000 0000 0000 0000 3600 0000 0700 0000
0200 0000 0000 0000 e802 0000 0000 0000
e802 0000 0000 0000 2000 0000 0000 0000
0000 0000 0000 0000 0400 0000 0000 0000
0000 0000 0000 0000 4400 0000 f6ff ff6f
0200 0000 0000 0000 0803 0000 0000 0000
0803 0000 0000 0000 3400 0000 0000 0000
0500 0000 0000 0000 0800 0000 0000 0000
0000 0000 0000 0000 4e00 0000 0b00 0000
0200 0000 0000 0000 4003 0000 0000 0000
4003 0000 0000 0000 8802 0000 0000 0000
0600 0000 0100 0000 0800 0000 0000 0000
1800 0000 0000 0000 5600 0000 0300 0000
0200 0000 0000 0000 c805 0000 0000 0000
c805 0000 0000 0000 e002 0000 0000 0000
0000 0000 0000 0000 0100 0000 0000 0000
0000 0000 0000 0000 5e00 0000 ffff ff6f
0200 0000 0000 0000 a808 0000 0000 0000
a808 0000 0000 0000 3600 0000 0000 0000
0500 0000 0000 0000 0200 0000 0000 0000
0200 0000 0000 0000 6b00 0000 feff ff6f
0200 0000 0000 0000 e008 0000 0000 0000
e008 0000 0000 0000 6000 0000 0000 0000
0600 0000 0200 0000 0800 0000 0000 0000
0000 0000 0000 0000 7a00 0000 0400 0000
0200 0000 0000 0000 4009 0000 0000 0000
4009 0000 0000 0000 2001 0000 0000 0000
0500 0000 0000 0000 0800 0000 0000 0000
1800 0000 0000 0000 8400 0000 0400 0000
4200 0000 0000 0000 600a 0000 0000 0000
600a 0000 0000 0000 9801 0000 0000 0000
0500 0000 1600 0000 0800 0000 0000 0000
1800 0000 0000 0000 8e00 0000 0100 0000
0600 0000 0000 0000 0010 0000 0000 0000
0010 0000 0000 0000 1700 0000 0000 0000
0000 0000 0000 0000 0400 0000 0000 0000
0000 0000 0000 0000 8900 0000 0100 0000
0600 0000 0000 0000 2010 0000 0000 0000
2010 0000 0000 0000 2001 0000 0000 0000
0000 0000 0000 0000 1000 0000 0000 0000
1000 0000 0000 0000 9400 0000 0100 0000
0600 0000 0000 0000 4011 0000 0000 0000
4011 0000 0000 0000 0800 0000 0000 0000
0000 0000 0000 0000 0800 0000 0000 0000
0800 0000 0000 0000 9d00 0000 0100 0000
0600 0000 0000 0000 5011 0000 0000 0000
5011 0000 0000 0000 1109 0000 0000 0000
0000 0000 0000 0000 1000 0000 0000 0000
0000 0000 0000 0000 a300 0000 0100 0000
0600 0000 0000 0000 641a 0000 0000 0000
641a 0000 0000 0000 0900 0000 0000 0000
0000 0000 0000 0000 0400 0000 0000 0000
0000 0000 0000 0000 a900 0000 0100 0000
1200 0000 0000 0000 0020 0000 0000 0000
0020 0000 0000 0000 0400 0000 0000 0000
0000 0000 0000 0000 0400 0000 0000 0000
0400 0000 0000 0000 b100 0000 0100 0000
0200 0000 0000 0000 0420 0000 0000 0000
0420 0000 0000 0000 9400 0000 0000 0000
0000 0000 0000 0000 0400 0000 0000 0000
0000 0000 0000 0000 bf00 0000 0100 0000
0200 0000 0000 0000 9820 0000 0000 0000
9820 0000 0000 0000 4003 0000 0000 0000
0000 0000 0000 0000 0800 0000 0000 0000
0000 0000 0000 0000 c900 0000 0e00 0000
0300 0000 0000 0000 183d 0000 0000 0000
182d 0000 0000 0000 1000 0000 0000 0000
0000 0000 0000 0000 0800 0000 0000 0000
0800 0000 0000 0000 d500 0000 0f00 0000
0300 0000 0000 0000 283d 0000 0000 0000
282d 0000 0000 0000 0800 0000 0000 0000
0000 0000 0000 0000 0800 0000 0000 0000
0800 0000 0000 0000 e100 0000 0600 0000
0300 0000 0000 0000 303d 0000 0000 0000
302d 0000 0000 0000 0002 0000 0000 0000
0600 0000 0000 0000 0800 0000 0000 0000
1000 0000 0000 0000 9800 0000 0100 0000
0300 0000 0000 0000 303f 0000 0000 0000
302f 0000 0000 0000 d000 0000 0000 0000
0000 0000 0000 0000 0800 0000 0000 0000
0800 0000 0000 0000 ea00 0000 0100 0000
0300 0000 0000 0000 0040 0000 0000 0000
0030 0000 0000 0000 1000 0000 0000 0000
0000 0000 0000 0000 0800 0000 0000 0000
0000 0000 0000 0000 f000 0000 0800 0000
0300 0000 0000 0000 2040 0000 0000 0000
1030 0000 0000 0000 3042 4900 0000 0000
0000 0000 0000 0000 2000 0000 0000 0000
0000 0000 0000 0000 f500 0000 0100 0000
3000 0000 0000 0000 0000 0000 0000 0000
1030 0000 0000 0000 2300 0000 0000 0000
0000 0000 0000 0000 0100 0000 0000 0000
0100 0000 0000 0000 0100 0000 0200 0000
0000 0000 0000 0000 0000 0000 0000 0000
3830 0000 0000 0000 3009 0000 0000 0000
1b00 0000 2f00 0000 0800 0000 0000 0000
1800 0000 0000 0000 0900 0000 0300 0000
0000 0000 0000 0000 0000 0000 0000 0000
6839 0000 0000 0000 8006 0000 0000 0000
0000 0000 0000 0000 0100 0000 0000 0000
0000 0000 0000 0000 1100 0000 0300 0000
0000 0000 0000 0000 0000 0000 0000 0000
e83f 0000 0000 0000 fe00 0000 0000 0000
0000 0000 0000 0000 0100 0000 0000 0000
0000 0000 0000 0000 