30
86 3 31 84 57 70 82 28 65 84 70 24 29 40 67 89 7 77 26 58 43 9 47 22 94 0 82 55 72 27 
35 57 73 28 77 31 63 81 30 39 95 100 45 98 31 57 20 46 35 93 2 36 77 40 18 38 24 24 64 38 
80 72 12 1 43 80 37 8 79 30 30 59 31 80 89 47 84 1 98 86 26 2 88 19 54 47 65 15 13 45 
4 49 78 47 9 70 39 31 69 97 55 12 7 39 51 25 51 37 7 11 12 84 7 82 80 42 1 57 91 78 
45 78 68 58 50 36 84 25 38 57 73 95 70 26 5 92 2 52 72 10 24 9 13 77 17 49 17 90 25 65 
79 81 7 7 27 52 28 66 35 82 64 25 96 93 17 25 88 100 78 83 6 54 13 27 60 36 61 81 4 98 
5 34 65 96 37 62 63 70 56 6 74 19 94 33 5 58 31 3 67 31 61 11 64 66 71 32 81 62 12 14 
62 78 71 9 59 16 59 42 43 69 38 98 19 64 83 1 77 71 27 78 91 41 38 34 2 86 14 77 3 38 
18 47 39 64 48 19 72 53 41 61 4 90 23 45 44 100 12 58 15 6 56 39 86 29 67 91 12 64 51 34 
47 50 55 49 42 52 21 31 23 60 98 69 69 83 64 50 100 85 61 25 34 86 37 68 44 19 8 74 51 88 
36 18 59 69 42 71 13 45 47 16 69 0 68 74 18 45 72 8 26 92 58 54 62 83 91 87 16 52 15 71 
71 98 37 57 0 32 93 53 75 25 43 3 28 13 15 96 77 5 87 82 83 88 27 35 83 75 22 57 78 14 
28 78 93 45 14 36 66 49 19 4 73 92 77 30 48 52 53 46 61 28 14 2 2 64 19 75 77 42 92 67 
66 29 60 20 20 74 92 82 58 73 46 77 60 34 8 53 89 59 38 61 51 20 13 90 6 5 76 95 45 74 
20 39 70 25 22 45 27 11 86 6 16 27 41 43 99 58 51 74 45 87 10 40 51 19 7 26 93 48 34 17 
59 51 65 64 60 96 14 81 36 11 59 15 92 93 26 95 81 77 85 37 80 87 20 8 76 100 56 20 51 90 
44 27 97 81 92 57 68 60 61 60 100 27 43 44 83 51 47 26 0 53 87 77 28 64 62 33 55 70 45 34 
78 95 50 13 74 9 70 53 71 86 49 89 53 7 5 71 7 28 97 34 16 20 95 98 13 65 11 25 23 81 
73 71 60 87 1 59 52 16 2 27 16 54 100 63 68 43 24 100 10 33 92 32 7 17 90 6 100 28 99 46 
14 60 19 28 78 70 36 62 76 88 6 24 39 20 48 85 66 73 41 3 20 7 17 35 10 17 46 76 41 63 
45 26 31 74 19 95 6 85 75 55 40 40 70 7 30 83 41 90 3 32 8 13 55 31 64 95 20 78 92 93 
16 7 96 75 17 24 42 73 29 44 5 80 50 87 26 99 96 4 67 54 66 9 89 52 25 75 48 40 65 87 
59 89 86 86 68 13 59 43 33 23 61 13 45 97 83 98 32 39 64 88 50 48 76 70 69 17 6 49 45 43 
82 39 81 61 46 90 62 69 96 8 81 48 91 41 95 31 77 71 75 32 80 26 27 43 39 58 69 92 88 78 
54 98 95 9 49 22 51 62 98 48 27 62 66 32 2 56 44 50 32 76 16 27 14 52 56 47 39 28 92 13 
57 40 8 76 79 52 73 85 40 38 84 58 3 77 56 40 48 3 41 26 93 17 0 35 62 95 9 78 84 42 
33 87 52 65 39 58 71 48 82 26 46 14 63 56 43 76 0 80 8 73 33 86 27 82 79 22 92 72 39 75 
42 66 60 48 64 7 85 68 43 81 25 23 97 63 53 45 60 86 54 77 79 87 96 56 80 92 24 74 40 94 
97 83 90 66 36 96 83 17 50 8 39 70 25 39 92 23 56 75 11 100 31 83 18 61 27 95 7 75 31 9 
27 9 1 50 23 3 80 95 18 7 10 3 0 69 48 56 0 19 32 63 39 4 21 10 45 88 98 60 79 21 
