30
79
29
-1
-26
49
45
43
107
43
26
130
93
117
46
24
34
65
33
82
-41
81
115
145
59
172
17
35
145
127
79
76
77
137
66
125
82
127
127
110
82
-19
127
98
104
138
98
61
8
76
217
14
47
-20
477
272
281
340
69
415
352
260
12
229
39
300
35
304
275
211
87
-6
82
209
171
59
45
43
46
33
74
37
-1
73
33
27
53
158
28
25
-23
208
97
197
109
37
48
32
43
75
40
38
41
34
41
280
195
158
221
75
240
100
197
24
181
166
166
143
115
220
90
96
122
104
76
73
0
113
55
272
349
284
272
185
213
286
312
131
169
275
355
126
43
259
17
289
79
58
26
50
62
46
45
49
19
19
32
46
60
10
125
9
93
125
34
93
32
93
46
254
86
86
82
136
48
46
173
174
189
-7
108
173
98
84
44
45
84
96
-13
-2
-13
73
11
73
73
39
11
49
31
44
167
58
58
105
105
124
46
95
49
-3
98
1
39
54
60
45
45
16
16
93
90
337
319
289
294
299
-21
-45
-45
-12
21
-11
49
7
26
49
7
69
56
41
69
23
43
41
-4
16
122
39
229
82
121
172
186
22
164
169
163
177
193
198
125
264
73
245
255
270
75
-13
67
67
18
18
21
49
56
-27
50
177
62
124
72
116
79
10
43
-6
69
219
128
168
-16
-10
108
14
26
-2
53
116
116
55
171
106
171
86
94
178
116
38
-11
54
34
34
30
45
45
62
38
56
83
56
37
175
238
170
21
21
180
33
91
33
137
-7
148
173
31
25
-3
58
7
49
83
-3
7
84
84
7
137
137
25
104
25
20
25
118
197
52
18
39
38
68
161
26
25
-25
54
25
10
74
40
62
48
48
62
40
40
33
33
-31
48
14
-31
35
-8
12
54
59
54
79
29
51
44
0
36
56
76
71
49
60
99
41
94
49
77
67
139
77
77
129
143
103
77
142
182
57
165
72
47
158
176
223
125
29
104
158
146
151
80
94
116
18
34
34
20
34
81
101
-7
69
112
45
69
-7
69
71
54
99
52
99
76
198
37
43
25
25
25
7
7
44
28
78
44
-4
32
13
49
49
-3
-6
61
-4
129
-10
27
17
24
32
32
69
34
36
19
41
204
43
173
-9
37
31
31
31
-4
15
18
-20
54
90
-30
8
62
66
91
62
19
43
33
-14
-1
40
-4
-8
40
-8
40
-20
-17
30
48
40
40
38
6
45
40
12
15
15
26
26
47
59
144
27
35
132
183
201
213
-1
116
46
81
25
212
256
34
10
145
114
119
136
174
117
21
133
133
84
31
157
143
83
134
179
170
99
48
-17
71
-3
47
-14
113
75
71
78
102
22
20
57
73
53
70
109
55
34
54
46
47
38
60
32
83
83
33
44
-4
71
82
86
86
16
89
29
83
61
82
29
16
16
130
55
55
20
63
32
20
117
32
56
139
46
-3
83
50
24
52
26
3
-28
-5
43
29
30
189
90
90
31
116
81
31
30
-9
45
-6
43
81
68
45
108
96
45
41
118
45
89
110
44
78
44
134
110
92
98
-39
-3
-3
8
43
-2
-30
-30
-30
-30
-30
-30
19
27
27
30
30
34
171
197
197
84
136
-1
162
-1
124
250
250
194
259
77
182
281
83
164
164
166
129
10
13
63
225
152
171
116
95
60
41
66
195
58
120
120
50
116
27
48
129
127
168
163
163
163
212
114
99
84
102
61
-38
48
116
77
48
48
-15
80
86
20
18
15
182
132
112
119
150
50
114
150
137
90
27
30
27
98
27
61
3
-20
27
35
6
34
23
35
92
23
35
46
35
43
68
62
41
34
52
32
41
58
40
41
9
40
76
30
53
49
23
166
88
-12
20
38
47
9
9
49
99
57
1
-7
-7
40
40
7
33
133
7
-37
-37
137
53
139
101
81
102
70
102
-11
-11
-11
22
37
18
62
30
26
25
-11
22
67
-21
15
18
8
30
57
103
89
30
17
135
89
118
36
-7
138
193
27
-32
134
12
32
12
32
173
21
132
-1
130
25
106
85
185
185
185
74
43
141
92
153
84
84
92
21
35
31
41
93
0
69
50
118
35
75
128
19
42
86
89
117
43
45
36
45
82
117
12
-33
84
84
124
113
138
96
84
130
111
39
113
127
125
175
108
22
130
96
60
132
122
15
46
150
131
108
159
159
113
113
-35
215
35
156
161
59
239
228
206
40
5
5
64
91
40
50
50
49
-5
24
14
14
-21
111
100
111
126
2
94
233
192
121
57
114
43
-1
43
40
40
55
28
66
50
80
256
138
27
320
41
58
2
147
313
109
71
45
73
153
73
148
142
73
77
73
73
119
57
103
154
102
54
119
35
125
106
25
288
196
131
194
134
190
18
180
96
15
72
99
100
77
41
28
22
10
57
28
78
19
23
61
70
239
3
194
171
276
90
57
105
61
15
88
88
15
123
39
86
14
51
14
66
141
140
162
113
128
115
138
12
85
24
134
134
10
39
153
150
153
132
115
46
128
46
85
107
112
117
18
133
51
92
86
45
25
45
2
2
13
61
14
80
155
-37
72
145
80
50
124
292
292
298
194
250
250
161
288
220
249
40
100
100
57
44
53
57
57
44
44
37
11
44
11
15
39
24
5
5
101
46
46
46
62
46
62
6
13
162
57
86
22
-4
31
37
37
86
23
23
113
76
40
76
92
50
125
48
54
147
32
17
24
31
31
31
34
34
4
42
62
62
32
11
-1
29
32
79
11
48
31
27
-3
18
41
-25
61
57
-27
31
-3
50
42
48
6
22
9
33
10
8
48
29
73
33
46
33
10
-21
-21
73
-15
33
14
123
65
113
72
22
21
15
24
24
31
15
24
51
63
90
43
57
179
147
113
89
20
166
68
114
20
163
20
117
130
125
30
35
16
28
46
51
57
50
71
57
42
73
125
42
-15
69
42
109
101
10
8
222
227
138
163
21
0
168
124
0
176
-40
71
10
19
46
29
-4
26
145
53
211
90
97
100
3
119
147
139
72
48
168
169
133
72
-19
1
186
31
57
90
27
40
32
17
20
147
57
66
21
87
23
55
42
69
69
37
23
22
56
44
3
47
51
62
16
16
38
2
16
2
22
22
42
4
31
31
35
49
52
49
70
43
10
82
64
52
73
100
94
105
81
87
93
100
72
73
163
40
135
51
75
61
61
167
61
68
79
52
107
45
81
13
84
163
95
42
39
42
82
73
74
179
108
60
99
95
107
74
166
96
121
70
93
85
52
52
52
92
92
120
36
120
274
161
286
44
50
53
90
189
-8
289
37
48
-7
38
7
63
-29
23
7
8
13
-15
65
122
197
249
29
63
51
-31
343
241
157
140
234
265
224
85
162
176
182
23
246
244
151
45
73
55
3
192
50
147
162
226
100
144
43
160
12
83
197
44
105
170
79
128
149
112
36
28
43
51
19
51
64
64
19
27
45
36
2
-18
24
-6
19
19
41
10
51
-7
57
-9
3
247
327
219
262
153
148
256
209
1
285
162
286
296
217
48
64
16
85
19
63
53
50
37
63
53
28
25
83
27
27
43
19
0
34
-9
-14
46
124
5
127
102
128
123
-7
33
10
184
43
-3
9
7
-3
-14
-14
-14
165
15
36
7
83
8
114
151
104
16
190
104
-12
-12
-36
-12
8
44
44
44
27
54
49
14
77
77
43
42
57
48
42
43
25
132
7
153
32
154
41
124
32
25
39
77
77
39
39
54
16
13
13
-31
35
43
206
253
92
93
93
234
108
5
5
-25
16
26
-25
12
163
46
53
123
46
139
84
129
96
171
145
190
92
105
133
120
141
202
196
32
127
329
164
115
225
201
201
88
65
27
-4
-38
9
9
29
14
63
135
10
59
10
10
24
24
48
48
29
24
24
29
29
29
-11
22
53
163
269
38
53
190
128
142
263
325
306
227
74
413
317
31
171
380
122
160
30
114
132
69
121
121
85
11
23
54
249
76
182
31
48
56
7
3
81
-10
-13
81
-10
48
44
44
32
60
27
32
30
-7
33
69
16
30
114
82
-23
111
49
155
169
181
160
94
-2
167
159
181
161
-2
129
32
20
25
31
21
26
-6
-5
21
-2
-23
18
42
65
1
46
-8
48
77
77
35
74
83
98
45
127
65
127
56
144
105
88
36
135
29
60
73
167
120
191
107
50
8
119
0
175
87
34
1
83
62
1
92
-27
1
99
258
48
340
294
161
268
254
269
225
263
223
234
48
180
13
254
122
175
157
42
149
215
114
185
87
40
22
-8
-8
26
105
77
28
30
15
41
66
25
37
61
137
50
50
19
122
186
117
144
262
207
210
201
241
188
66
12
102
28
122
6
22
58
5
-31
-44
12
-31
-44
-26
137
107
107
74
106
85
89
105
117
63
109
80
52
18
-44
13
-44
13
81
81
165
168
198
-4
86
83
74
-21
126
178
53
69
69
21
107
49
128
9
-8
14
35
36
36
35
35
47
35
44
47
31
107
80
153
153
63
76
120
-4
22
85
59
49
22
88
58
114
188
61
25
104
129
183
122
45
182
116
197
85
136
79
40
12
55
236
54
97
97
236
54
42
250
183
85
165
39
121
154
68
138
295
173
289
-37
45
19
56
34
34
45
-1
63
16
56
-31
66
16
162
56
79
158
81
43
124
81
72
60
66
127
27
21
71
-13
56
8
66
48
63
13
38
28
226
156
45
201
226
219
178
177
177
56
56
56
8
13
65
28
10
79
-24
93
49
49
18
18
38
69
36
33
33
38
156
20
140
223
148
217
276
216
41
38
151
135
34
151
202
86
86
41
49
49
41
86
76
26
14
38
20
7
-5
-5
29
44
44
45
15
45
44
28
-9
107
45
45
25
7
-21
-19
68
-12
37
36
36
48
58
-19
67
37
-7
60
77
47
174
52
44
12
68
145
-17
40
50
57
83
36
8
60
17
71
36
63
63
8
17
44
152
42
72
104
46
47
80
80
47
0
47
44
16
16
140
55
139
57
33
74
17
-9
2
164
2
152
107
164
107
67
55
98
132
118
118
50
50
19
2
-6
-6
-6
36
33
1
35
46
22
-6
-6
31
49
27
14
14
47
-1
54
19
19
47
5
19
32
47
5
4
17
47
44
29
82
162
162
-6
119
171
97
138
18
-16
-16
16
-1
-1
-1
111
-30
50
112
47
106
15
49
70
10
10
10
52
-22
45
50
30
30
13
0
71
8
25
15
15
15
15
25
37
15
62
88
88
99
59
177
46
111
101
121
144
145
3
99
29
128
96
77
29
103
103
127
92
196
31
5
-6
28
35
5
74
31
31
31
-17
-17
49
87
56
69
58
102
78
79
84
38
22
-21
38
-13
-18
33
69
60
50
50
10
1
-2
73
11
47
84
37
77
27
85
40
35
22
-6
40
40
48
48
48
59
48
33
12
31
9
-8
-19
43
43
39
28
8
23
28
63
63
32
53
67
32
46
50
26
90
49
60
-39
22
116
157
184
187
136
199
188
77
259
162
44
172
196
19
154
42
226
147
185
197
151
42
22
22
22
-19
60
20
20
-22
-12
-12
11
58
88
108
70
95
90
124
108
49
25
84
72
25
39
166
56
59
91
86
216
86
8
30
56
56
-3
9
45
18
59
58
43
37
2
61
35
60
50
99
73
61
100
-2
-24
45
75
18
58
45
-3
-19
-44
20
42
91
74
91
74
-5
109
223
163
93
180
55
12
54
31
68
132
46
43
59
133
133
45
202
84
-7
40
50
96
42
23
12
44
49
259
25
324
254
6
123
112
60
41
19
13
45
-1
40
16
-22
63
27
60
60
83
15
137
55
68
140
61
38
127
28
61
80
64
78
79
89
32
160
97
170
66
72
109
36
19
8
134
69
88
21
78
64
88
95
51
95
129
-8
6
95
77
99
49
17
45
74
-1
256
262
149
-20
-20
-14
80
114
39
129
-26
22
89
152
85
43
46
31
46
49
55
9
35
42
42
42
42
42
-13
59
125
133
128
22
198
287
54
103
63
63
27
43
54
220
335
105
188
197
43
126
13
172
13
228
8
112
31
26
26
-37
28
28
-17
96
96
-17
83
25
25
72
90
145
23
67
90
-12
67
53
-18
53
143
1
41
55
33
-13
-13
93
17
21
27
93
39
41
27
39
102
200
237
43
142
151
193
151
149
35
163
191
150
105
125
113
18
247
98
5
128
145
5
139
62
228
249
292
309
279
217
163
264
-3
51
61
59
105
61
69
75
75
69
47
51
45
48
84
84
42
79
9
30
83
47
32
79
77
37
21
65
46
65
65
46
46
48
48
48
25
47
8
47
62
47
-9
6
44
36
37
-11
143
65
44
33
3
44
331
284
36
29
23
-24
14
-1
29
26
108
31
37
31
79
31
49
101
72
135
135
99
99
31
43
31
21
25
43
40
15
79
-11
85
113
41
67
84
49
41
177
-22
27
-15
10
62
107
156
35
63
155
118
-4
119
108
128
108
36
-3
-37
94
94
13
39
44
49
44
44
21
120
97
21
21
77
39
103
80
92
78
92
94
-29
94
35
122
-29
-29
53
-19
53
-19
30
30
6
-12
26
-19
89
26
247
160
185
195
127
185
88
140
143
171
198
305
184
148
95
27
20
75
92
98
281
178
359
321
74
53
46
46
54
17
13
56
47
47
17
13
12
17
12
12
94
81
351
84
50
139
33
126
133
29
96
140
122
66
31
51
31
51
62
82
53
144
52
124
99
92
59
81
158
155
-4
58
46
110
29
55
34
18
30
18
3
127
154
79
107
129
107
145
94
81
-34
-32
56
32
82
-15
82
36
32
-10
82
-27
58
-8
10
50
53
-8
50
-6
109
141
-6
31
-6
44
77
121
115
18
38
40
53
27
80
-6
15
6
26
2
42
-6
48
34
34
-5
15
82
70
36
106
131
16
165
19
64
66
10
69
38
96
36
6
47
20
57
177
208
43
12
-23
61
41
-20
-2
-2
35
55
18
-3
18
18
36
6
22
22
11
24
79
64
64
33
25
64
109
46
-22
52
96
3
102
1
187
187
33
141
33
77
104
133
81
26
45
52
56
42
102
108
42
51
54
118
42
48
34
52
0
98
184
13
26
58
80
62
253
185
187
-3
62
127
107
154
180
134
113
103
113
65
88
116
63
2
12
184
194
23
23
23
23
-25
-29
46
46
-29
79
7
36
20
47
13
13
-10
28
62
-15
50
59
59
42
26
46
16
46
16
46
-20
74
18
86
124
184
211
151
152
96
126
-1
184
48
116
96
48
38
49
-3
-2
58
104
41
291
18
271
191
221
41
257
71
372
351
11
150
367
411
-30
84
44
19
89
43
19
74
62
19
67
89
32
55
140
102
127
101
203
447
425
6
423
287
296
43
345
41
90
35
21
25
30
87
20
81
83
90
-2
60
49
5
10
49
45
36
49
6
266
227
287
312
273
226
31
65
105
124
12
85
79
99
74
151
16
88
115
39
35
195
145
130
52
72
134
90
46
90
2
156
105
174
174
87
167
50
231
130
340
341
9
316
368
220
233
282
243
165
101
58
62
8
187
241
213
127
9
91
72
74
110
69
401
376
253
376
326
489
397
95
45
93
221
72
75
57
62
62
77
43
12
214
28
111
213
168
121
102
81
8
61
49
54
29
17
17
113
31
49
50
23
113
28
-42
121
78
147
118
19
23
205
39
-4
39
39
8
85
74
39
-45
44
49
39
26
6
47
6
22
26
-11
40
4
29
52
78
52
10
89
57
74
-9
-9
188
42
206
184
184
115
101
184
25
25
50
50
13
113
86
28
38
43
61
61
93
72
-1
-1
85
49
45
38
95
63
75
88
74
31
51
51
66
12
110
79
127
12
165
121
106
107
-21
89
132
90
133
162
95
42
27
15
8
49
26
78
94
112
54
16
-21
101
68
5
19
-21
5
56
94
26
43
19
33
47
47
47
35
35
35
35
35
28
31
31
-37
-5
42
47
43
54
-20
37
50
33
32
37
59
66
68
56
54
47
52
28
63
26
87
23
64
140
84
216
218
174
120
199
119
68
76
-40
29
30
30
41
54
54
83
48
48
49
41
30
91
54
28
7
46
212
103
116
60
170
60
157
31
29
90
126
107
307
145
174
135
138
52
52
78
232
21
62
232
232
201
67
88
88
27
131
115
170
110
93
90
43
49
-1
49
108
83
74
74
41
39
34
31
40
1
1
36
50
50
57
36
37
4
26
103
26
31
91
61
34
27
46
119
93
48
16
41
99
130
177
145
169
167
107
110
41
121
104
42
5
65
38
32
84
100
99
73
0
81
93
50
91
18
69
18
43
63
-34
-6
41
6
32
23
86
83
96
152
152
383
378
36
2
53
44
63
44
115
138
77
77
174
174
16
195
96
165
57
12
19
71
39
41
53
38
23
110
36
99
61
150
42
98
144
61
61
173
8
42
159
123
84
128
73
63
141
1
119
24
15
-3
18
66
94
32
31
-1
53
-12
19
77
18
52
74
246
97
7
40
-6
81
285
124
398
7
21
4
51
-3
-1
-27
-9
-9
11
21
11
210
46
214
227
210
192
330
352
332
288
233
321
291
199
46
271
111
155
144
270
58
230
57
63
10
56
90
29
63
63
48
31
31
75
29
29
27
27
29
53
3
133
211
120
172
61
82
16
43
71
64
140
206
90
185
71
66
29
64
36
43
2
60
63
7
34
43
43
22
-3
-8
23
39
23
-21
39
39
39
39
67
39
50
50
237
85
59
321
78
95
159
63
2
-17
-9
14
-17
32
-15
32
-3
-17
14
9
36
36
11
75
75
83
34
12
14
47
62
93
12
40
27
54
-12
15
72
102
70
102
70
52
36
68
36
111
80
25
40
40
77
50
136
141
141
39
77
98
122
96
78
268
295
242
154
287
92
245
144
209
153
86
336
-5
231
191
76
155
31
198
66
262
43
-2
118
56
29
47
101
15
48
14
9
46
3
4
3
104
328
167
170
56
275
322
281
202
182
187
263
296
115
24
283
196
20
111
130
29
74
37
17
17
174
78
23
23
31
121
34
33
58
121
27
38
33
24
113
212
11
169
228
65
16
6
27
45
43
45
23
49
131
48
-1
15
110
132
-17
138
62
-14
49
-14
243
185
107
264
283
326
383
82
29
-5
41
-6
33
51
16
42
42
16
-16
52
33
47
32
255
132
42
22
284
215
340
134
258
25
196
113
214
68
21
11
106
68
21
103
46
46
79
120
34
44
46
79
0
157
39
78
247
55
274
72
56
22
62
12
32
32
76
134
134
138
-7
141
-7
150
81
31
77
226
178
41
218
145
91
92
36
21
110
65
120
5
34
34
4
36
51
20
-8
12
89
54
57
78
13
29
53
187
123
325
303
117
70
11
51
37
77
4
26
56
28
52
72
39
197
212
110
271
-9
274
226
274
268
369
347
216
-9
270
252
342
314
255
252
252
428
255
391
82
75
82
63
0
15
103
25
97
83
60
141
45
56
101
27
45
154
130
163
92
221
180
91
163
25
99
123
-31
202
129
225
154
288
288
293
203
119
67
41
236
79
242
-18
204
210
187
1
1
0
197
-17
112
22
106
22
28
71
68
98
50
41
-17
-17
-17
-41
29
29
29
29
120
123
30
23
80
74
85
76
49
138
214
171
207
194
169
104
3
123
34
25
-15
115
43
0
-22
43
27
97
27
0
43
96
34
88
76
133
102
84
138
-24
80
52
118
71
30
32
-7
10
82
80
-7
75
43
129
-1
34
34
19
9
58
24
4
52
76
67
118
-16
10
31
6
18
14
43
10
18
10
26
29
26
22
92
19
253
109
115
116
120
92
173
153
167
134
84
113
-5
43
-39
-24
58
19
-24
19
88
88
45
46
48
30
30
9
48
68
61
112
90
103
85
85
135
184
102
184
216
26
99
51
117
61
36
24
58
56
63
63
58
80
31
-31
-2
44
114
44
30
23
30
30
4
-6
-6
-6
29
-7
-7
-7
8
8
44
50
-36
10
30
-2
34
99
7
81
6
29
22
22
91
29
115
72
29
39
40
144
151
39
47
23
-4
-23
42
28
126
6
47
32
113
72
8
11
73
73
79
26
49
67
87
89
60
87
-12
20
24
74
43
57
39
35
93
58
39
16
83
78
26
83
18
39
58
68
69
-18
43
55
45
257
12
45
67
71
259
71
89
47
185
140
26
42
25
25
25
41
41
56
85
69
138
150
309
19
299
84
138
-4
31
-4
86
-41
-25
-11
72
12
58
13
13
34
34
134
34
41
49
35
108
76
83
196
35
101
167
86
105
92
24
147
92
67
113
96
14
131
78
289
118
270
276
270
293
193
70
270
265
265
29
271
236
165
236
303
232
26
236
232
241
89
10
46
1
24
8
46
46
24
71
74
-5
41
-5
-27
33
93
85
-21
103
75
123
93
59
104
93
97
60
71
113
131
121
-5
21
12
5
-10
134
95
-6
155
66
94
109
40
64
158
84
44
94
47
-17
-17
-16
-17
-17
106
147
71
190
211
83
149
77
75
45
134
227
107
99
130
44
89
150
66
103
81
1
-10
84
119
41
68
29
46
182
300
296
79
211
183
300
312
301
177
57
145
68
86
45
30
77
29
29
40
53
50
86
109
108
173
73
77
73
73
115
48
61
16
113
73
98
-19
65
34
65
127
110
31
38
34
161
99
120
34
27
-3
-3
109
159
28
105
-16
182
72
237
-16
176
150
220
113
195
112
38
155
192
131
197
-26
62
80
25
40
28
47
36
31
-6
115
70
42
186
270
336
-37
162
46
134
117
242
360
89
338
162
313
251
244
103
38
87
13
18
18
-5
398
160
300
390
160
406
18
76
116
94
51
51
71
43
182
133
86
76
197
263
231
231
288
211
200
72
119
100
5
82
37
58
9
9
2
14
37
70
37
130
9
27
108
108
40
13
6
122
79
72
38
-10
42
38
85
71
55
46
45
152
147
51
220
162
32
-10
-10
79
73
73
20
28
57
63
34
88
131
47
60
43
69
27
174
23
52
-25
143
26
170
117
103
139
50
-13
83
52
138
177
111
164
184
156
46
-29
38
38
37
-28
75
38
137
232
175
49
133
137
126
117
21
112
34
34
72
-3
-1
-16
43
-3
129
14
14
13
32
33
16
68
48
38
17
8
8
26
125
33
23
16
36
36
14
54
16
37
44
-11
108
4
3
4
3
9
27
-23
18
77
77
-40
48
51
90
74
36
175
103
136
140
129
238
123
231
46
35
35
-5
30
9
47
25
35
48
112
99
133
59
61
20
132
179
149
12
66
84
206
103
103
80
58
103
124
82
115
108
108
108
43
51
31
39
70
31
31
134
54
-9
117
43
4
113
172
29
20
13
101
122
67
199
29
256
45
78
120
2
4
-14
160
41
-26
153
-14
95
49
18
52
121
121
32
11
6
50
49
77
145
299
246
347
208
242
115
192
228
43
111
195
49
197
155
155
197
106
177
89
150
61
112
76
83
0
112
-9
66
-14
69
18
129
124
96
18
56
96
40
129
135
43
31
27
29
89
61
49
-3
93
16
76
93
16
76
25
40
68
30
79
79
92
78
92
89
24
75
71
136
48
59
448
432
90
93
48
33
26
57
8
33